0.3 0.0
0.301 3.11391277289
0.302 2.95363718256
0.303 2.79384363275
0.304 3.02627817383
0.305 3.1107523056
0.306 3.33150328558
0.307 3.21367233887
0.308 3.2323318418
0.309 3.09885411371
0.31 3.16511570795
0.311 3.1476619668
0.312 3.39542444116
0.313 3.22190949896
0.314 3.50914321191
0.315 3.81769624213
0.316 3.31230771582
0.317 3.4981378103
0.318 3.87180189447
0.319 3.7279887146
0.32 3.68594818335
0.321 3.93302079828
0.322 3.94392793848
0.323 3.75816278101
0.324 4.22732543335
0.325 4.10552834741
0.326 4.09869933783
0.327 4.13615668207
0.328 4.04838832855
0.329 4.44469433569
0.33 4.18992866309
0.331 4.10861131616
0.332 4.5616325564
0.333 4.78858650781
0.334 5.06408458099
0.335 5.09115186304
0.336 4.87002572992
0.337 5.2715978808
0.338 4.84176918945
0.339 5.3900661814
0.34 5.28134460913
0.341 5.20629449194
0.342 5.62905547461
0.343 5.26228325433
0.344 5.9556448623
0.345 5.8605487475
0.346 6.01677114355
0.347 6.35371906226
0.348 6.31448377142
0.349 6.24667527441
0.35 5.95622361566
0.351 6.41949945703
0.352 6.85987240601
0.353 6.69637926538
0.354 6.83126803809
0.355 6.55685366309
0.356 6.86824782715
0.357 7.65598378516
0.358 7.37193062689
0.359 7.84216878809
0.36 7.76715233301
0.361 8.36012721582
0.362 8.54726950781
0.363 8.50309551733
0.364 9.12571075098
0.365 8.64186871332
0.366 9.62016821875
0.367 9.87934763647
0.368 9.83039791113
0.369 9.8834072265
0.37 9.96603552094
0.371 10.3215538012
0.372 10.757369017
0.373 10.6215762402
0.374 11.3052695779
0.375 11.4990781189
0.376 12.4040998691
0.377 12.1113722138
0.378 12.484789416
0.379 13.5555654209
0.38 13.9508559619
0.381 13.5248469623
0.382 14.6540438682
0.383 15.2254771166
0.384 15.1701726733
0.385 15.644996658
0.386 15.7425174316
0.387 17.1296027439
0.388 17.3673773477
0.389 18.2435749277
0.39 18.7348214887
0.391 19.2232844477
0.392 20.5620119941
0.393 22.2128328842
0.394 23.3016905932
0.395 22.9676558457
0.396 24.3276004763
0.397 26.8850861679
0.398 27.8071523608
0.399 29.5885259666
0.4 30.1724257079
0.401 34.0847248945
0.402 30.6587042441
0.403 33.8509499496
0.404 36.901410156
0.405 36.6505140839
0.406 39.7821178364
0.407 42.068315808
0.408 44.2094105955
0.409 46.4132691723
0.41 54.1525508555
0.411 58.3168464941
0.412 54.6396494021
0.413 66.7115232001
0.414 66.4158168183
0.415 75.4772750341
0.416 80.0589714086
0.417 82.4194301987
0.418 94.9928505663
0.419 99.6070590879
0.42 118.824532532
0.421 116.317902727
0.422 144.531166301
0.423 147.410065437
0.424 172.727616076
0.425 197.834658494
0.426 217.406879924
0.427 256.468984646
0.428 288.666146296
0.429 343.634029587
0.43 376.715310606
0.431 401.570386456
0.432 464.436093672
0.433 486.309265029
0.434 471.194067621
0.435 435.692861107
0.436 387.485126383
0.437 341.237597888
0.438 324.002376813
0.439 178.144953388
0.44 136.272897729
0.441 96.6747472016
0.442 80.9467558533
0.443 50.8552327322
0.444 63.0032356873
0.445 39.212401936
0.446 23.7455614892
0.447 23.170798205
0.448 22.7117095917
0.449 17.9647607714
0.45 14.2145943017
0.451 13.1583521973
0.452 10.3948054861
0.453 9.18659119727
0.454 9.761486164
0.455 8.47145364252
0.456 7.44251630072
0.457 6.05328951605
0.458 5.94245967188
0.459 5.36547912103
0.46 4.89828760248
0.461 5.07722832709
0.462 3.9846634707
0.463 4.0529120957
0.464 3.77679257513
0.465 3.78918090814
0.466 3.50874106421
0.467 2.71110677338
0.468 2.7390909043
0.469 2.74795231683
0.47 2.52991241602
0.471 2.31748034155
0.472 2.40700946655
0.473 2.12078400385
0.474 1.68096674194
0.475 2.11532721673
0.476 1.97173395484
0.477 1.68049143335
0.478 1.82979997406
0.479 1.59805727484
0.48 1.49715856934
0.481 1.46751513452
0.482 1.37293187103
0.483 1.28214662988
0.484 1.17684162085
0.485 1.15032140723
0.486 1.18642171088
0.487 1.07692229925
0.488 1.05194711889
0.489 1.08289380469
0.49 0.945971238709
0.491 0.976116232363
0.492 0.941497056581
0.493 0.86337031195
0.494 0.83309495697
0.495 0.887798947693
0.496 0.840513145447
0.497 0.736076458985
0.498 0.798688964845
0.499 0.74374423828
0.5 0.766777577148
0.501 0.685996424805
0.502 0.634261366944
0.503 0.679766571287
0.504 0.649185936953
0.505 0.606711098571
0.506 0.553451654054
0.507 0.574857167909
0.508 0.549985274416
0.509 0.592156661132
0.51 0.550990447022
0.511 0.458426438905
0.512 0.46642455664
0.513 0.48229186859
0.514 0.439117328124
0.515 0.502589699159
0.516 0.427952089598
0.517 0.424001261657
0.518 0.430130176757
0.519 0.395201447691
0.52 0.413229793947
0.521 0.427535864257
0.522 0.385401792972
0.523 0.371764863219
0.524 0.381189011476
0.525 0.355090106872
0.526 0.331794683594
0.527 0.354371576172
0.528 0.347501404054
0.529 0.322476025145
0.53 0.341026767333
0.531 0.325756754821
0.532 0.283576060547
0.533 0.285825577148
0.534 0.308424532224
0.535 0.272723974551
0.536 0.293090677733
0.537 0.272357659911
0.538 0.30150271582
0.539 0.273043293395
0.54 0.258212634521
0.541 0.275911148437
0.542 0.256816652281
0.543 0.240465897459
0.544 0.247939975035
0.545 0.246585687257
0.546 0.240992907657
0.547 0.235627726988
0.548 0.226530503847
0.549 0.221076788084
0.55 0.211262722107
0.551 0.216648667909
0.552 0.207724555117
0.553 0.209492341553
0.554 0.192030048584
0.555 0.192193279052
0.556 0.192767644288
0.557 0.219696411072
0.558 0.193885568298
0.559 0.179403027098
0.56 0.1743289765
0.561 0.180182506776
0.562 0.176053900144
0.563 0.171180853269
0.564 0.172889247986
0.565 0.164258665463
0.566 0.155255699157
0.567 0.149864528748
0.568 0.165645978943
0.569 0.139125624939
0.57 0.167600425781
0.571 0.146895419861
0.572 0.154465553651
0.573 0.14218451538
0.574 0.139763935302
0.575 0.139014042725
0.576 0.137209179627
0.577 0.129188323976
0.578 0.123760088869
0.579 0.135716648192
0.58 0.133959197019
0.581 0.12204958246
0.582 0.129759066835
0.583 0.128440554443
0.584 0.121005796815
0.585 0.126932734131
0.586 0.12601112085
0.587 0.106394449218
0.588 0.119105653321
0.589 0.112919271911
0.59 0.120513910582
0.591 0.116591193299
0.592 0.103771402344
0.593 0.107647516539
0.594 0.10638312738
0.595 0.105592824644
0.596 0.0951920095213
0.597 0.100684129333
0.598 0.102202064454
0.599 0.0950841123031
0.6 0.0961077507145
0.601 nan
