0.2 0.078125
0.201 0.104376953125
0.202 0.1041875
0.203 0.10481640625
0.204 0.1045
0.205 0.1028984375
0.206 0.1071875
0.207 0.108564453125
0.208 0.107681640625
0.209 0.1093515625
0.21 0.1093359375
0.211 0.1092890625
0.212 0.108857421875
0.213 0.110474609375
0.214 0.111771484375
0.215 0.113712890625
0.216 0.115044921875
0.217 0.114890625
0.218 0.112326171875
0.219 0.11368359375
0.22 0.114078125
0.221 0.11477734375
0.222 0.113701171875
0.223 0.11430078125
0.224 0.117349609375
0.225 0.1203515625
0.226 0.116849609375
0.227 0.119423828125
0.228 0.118859375
0.229 0.12012890625
0.23 0.11782421875
0.231 0.1223671875
0.232 0.119369140625
0.233 0.120638671875
0.234 0.1209375
0.235 0.122517578125
0.236 0.123923828125
0.237 0.123560546875
0.238 0.1261015625
0.239 0.124623046875
0.24 0.126369140625
0.241 0.128013671875
0.242 0.1263984375
0.243 0.129447265625
0.244 0.13125
0.245 0.12989453125
0.246 0.13115625
0.247 0.130107421875
0.248 0.132095703125
0.249 0.131919921875
0.25 0.13205859375
0.251 0.132984375
0.252 0.132359375
0.253 0.1336015625
0.254 0.13712890625
0.255 0.13559765625
0.256 0.13799609375
0.257 0.13974609375
0.258 0.138560546875
0.259 0.140611328125
0.26 0.137369140625
0.261 0.143099609375
0.262 0.140326171875
0.263 0.142787109375
0.264 0.145755859375
0.265 0.144552734375
0.266 0.14745703125
0.267 0.14659375
0.268 0.150181640625
0.269 0.150982421875
0.27 0.14903515625
0.271 0.149728515625
0.272 0.15517578125
0.273 0.15115234375
0.274 0.15621875
0.275 0.153880859375
0.276 0.156326171875
0.277 0.1565234375
0.278 0.158291015625
0.279 0.15797265625
0.28 0.15999609375
0.281 0.16308984375
0.282 0.16475
0.283 0.16618359375
0.284 0.166693359375
0.285 0.171607421875
0.286 0.168078125
0.287 0.168220703125
0.288 0.16956640625
0.289 0.169708984375
0.29 0.17126171875
0.291 0.179443359375
0.292 0.179255859375
0.293 0.174978515625
0.294 0.1767421875
0.295 0.180560546875
0.296 0.184658203125
0.297 0.18071484375
0.298 0.18480078125
0.299 0.186958984375
0.3 0.184998046875
0.301 0.186703125
0.302 0.1883359375
0.303 0.1874765625
0.304 0.189650390625
0.305 0.193439453125
0.306 0.197466796875
0.307 0.19452734375
0.308 0.20368359375
0.309 0.19812890625
0.31 0.205546875
0.311 0.198376953125
0.312 0.20982421875
0.313 0.204087890625
0.314 0.208625
0.315 0.21409375
0.316 0.21377734375
0.317 0.215005859375
0.318 0.216546875
0.319 0.216404296875
0.32 0.224208984375
0.321 0.221556640625
0.322 0.229494140625
0.323 0.232337890625
0.324 0.234330078125
0.325 0.232267578125
0.326 0.23878125
0.327 0.244376953125
0.328 0.2454453125
0.329 0.24416015625
0.33 0.24577734375
0.331 0.25356640625
0.332 0.25055859375
0.333 0.259916015625
0.334 0.25883203125
0.335 0.252705078125
0.336 0.263166015625
0.337 0.265185546875
0.338 0.277857421875
0.339 0.26930859375
0.34 0.280375
0.341 0.27326171875
0.342 0.287921875
0.343 0.285466796875
0.344 0.28483984375
0.345 0.29069140625
0.346 0.309287109375
0.347 0.30144921875
0.348 0.303716796875
0.349 0.31064453125
0.35 0.300142578125
0.351 0.312412109375
0.352 0.321126953125
0.353 0.32048828125
0.354 0.34234375
0.355 0.3355234375
0.356 0.34719921875
0.357 0.35542578125
0.358 0.3551015625
0.359 0.35902734375
0.36 0.3581640625
0.361 0.366251953125
0.362 0.368826171875
0.363 0.388279296875
0.364 0.382544921875
0.365 0.39586328125
0.366 0.403837890625
0.367 0.40219140625
0.368 0.397173828125
0.369 0.417185546875
0.37 0.412091796875
0.371 0.421189453125
0.372 0.417544921875
0.373 0.42851171875
0.374 0.431146484375
0.375 0.4407890625
0.376 0.443767578125
0.377 0.453291015625
0.378 0.468970703125
0.379 0.464740234375
0.38 0.489611328125
0.381 0.496845703125
0.382 0.495689453125
0.383 0.505044921875
0.384 0.511759765625
0.385 0.511837890625
0.386 0.523634765625
0.387 0.52922265625
0.388 0.554927734375
0.389 0.5491796875
0.39 0.554986328125
0.391 0.567333984375
0.392 0.56742578125
0.393 0.58408984375
0.394 0.564375
0.395 0.58970703125
0.396 0.600638671875
0.397 0.60850390625
0.398 0.619302734375
0.399 0.610623046875
0.4 0.62875
0.401 0.632921875
0.402 0.638818359375
0.403 0.645201171875
0.404 0.6412109375
0.405 0.6561953125
0.406 0.667779296875
0.407 0.6691875
0.408 0.690658203125
0.409 0.6777421875
0.41 0.693240234375
0.411 0.688599609375
0.412 0.7200625
0.413 0.717318359375
0.414 0.705701171875
0.415 0.71616015625
0.416 0.740416015625
0.417 0.73326953125
0.418 0.740076171875
0.419 0.745818359375
0.42 0.7572421875
0.421 0.7623671875
0.422 0.76873828125
0.423 0.7703828125
0.424 0.78134375
0.425 0.7935859375
0.426 0.78826171875
0.427 0.784583984375
0.428 0.789501953125
0.429 0.79082421875
0.43 0.805203125
0.431 0.812724609375
0.432 0.815923828125
0.433 0.816166015625
0.434 0.8114296875
0.435 0.822912109375
0.436 0.829939453125
0.437 0.833017578125
0.438 0.832431640625
0.439 0.84587890625
0.44 0.83819140625
0.441 0.841697265625
0.442 0.847638671875
0.443 0.847517578125
0.444 0.8469765625
0.445 0.84774609375
0.446 0.856681640625
0.447 0.863986328125
0.448 0.860705078125
0.449 0.865259765625
0.45 0.8636171875
0.451 0.868546875
0.452 0.868822265625
0.453 0.867865234375
0.454 0.874072265625
0.455 0.8771953125
0.456 0.881130859375
0.457 0.8814375
0.458 0.881740234375
0.459 0.8865859375
0.46 0.891666015625
0.461 0.88675
0.462 0.891826171875
0.463 0.89048828125
0.464 0.891376953125
0.465 0.894642578125
0.466 0.897685546875
0.467 0.8989453125
0.468 0.904220703125
0.469 0.9026796875
0.47 0.9025078125
0.471 0.90401953125
0.472 0.90967578125
0.473 0.9085546875
0.474 0.912564453125
0.475 0.910375
0.476 0.9158984375
0.477 0.914220703125
0.478 0.91384765625
0.479 0.915701171875
0.48 0.920361328125
0.481 0.9175546875
0.482 0.919873046875
0.483 0.92126171875
0.484 0.923203125
0.485 0.9231640625
0.486 0.922580078125
0.487 0.925974609375
0.488 0.927498046875
0.489 0.926775390625
0.49 0.9265078125
0.491 0.928189453125
0.492 0.9289921875
0.493 0.93264453125
0.494 0.932634765625
0.495 0.9304140625
0.496 0.9349296875
0.497 0.931974609375
0.498 0.938072265625
0.499 0.9379609375
0.5 0.9394140625
0.501 0.938830078125
0.502 0.939275390625
0.503 0.940365234375
0.504 0.94080078125
0.505 0.9413515625
0.506 0.94439453125
0.507 0.942982421875
0.508 0.94149609375
0.509 0.94690625
0.51 0.94559375
0.511 0.946328125
0.512 0.9471640625
0.513 0.94811328125
0.514 0.9465078125
0.515 0.948826171875
0.516 0.950734375
0.517 0.948236328125
0.518 0.950919921875
0.519 0.95326953125
0.52 0.9529296875
0.521 0.95270703125
0.522 0.9534921875
0.523 0.953794921875
0.524 0.95448046875
0.525 0.953599609375
0.526 0.95673046875
0.527 0.954619140625
0.528 0.955150390625
0.529 0.955740234375
0.53 0.956775390625
0.531 0.957333984375
0.532 0.9577265625
0.533 0.96020703125
0.534 0.959779296875
0.535 0.9595
0.536 0.958384765625
0.537 0.958998046875
0.538 0.960994140625
0.539 0.9613359375
0.54 0.96201953125
0.541 0.963484375
0.542 0.963779296875
0.543 0.962439453125
0.544 0.963806640625
0.545 0.964251953125
0.546 0.963443359375
0.547 0.964052734375
0.548 0.964673828125
0.549 0.966939453125
0.55 0.965896484375
0.551 0.966720703125
0.552 0.96658203125
0.553 0.966826171875
0.554 0.96767578125
0.555 0.967431640625
0.556 0.967431640625
0.557 0.96858984375
0.558 0.96920703125
0.559 0.96951953125
0.56 0.9700234375
0.561 0.969908203125
0.562 0.97062890625
0.563 0.970060546875
0.564 0.97189453125
0.565 0.9711875
0.566 0.97163671875
0.567 0.972306640625
0.568 0.972212890625
0.569 0.971966796875
0.57 0.973763671875
0.571 0.97376171875
0.572 0.972953125
0.573 0.97410546875
0.574 0.973833984375
0.575 0.974630859375
0.576 0.9742890625
0.577 0.97440234375
0.578 0.974884765625
0.579 0.97619140625
0.58 0.975310546875
0.581 0.975798828125
0.582 0.97614453125
0.583 0.97682421875
0.584 0.976931640625
0.585 0.97617578125
0.586 0.977810546875
0.587 0.977388671875
0.588 0.977490234375
0.589 0.97787109375
0.59 0.978541015625
0.591 0.97785546875
0.592 0.97780859375
0.593 0.977970703125
0.594 0.9791015625
0.595 0.978703125
0.596 0.979435546875
0.597 0.9791484375
0.598 0.97979296875
0.599 0.979373046875
0.6 0.980492199225
