0.2 0.0
0.201 0.102324963451
0.202 0.101752589082
0.203 0.104497727107
0.204 0.106601302075
0.205 0.109737628212
0.206 0.104530629463
0.207 0.104543515728
0.208 0.110977087871
0.209 0.112424590744
0.21 0.108926379844
0.211 0.116962569467
0.212 0.111867711514
0.213 0.115331997517
0.214 0.118913615917
0.215 0.118832889453
0.216 0.116414090144
0.217 0.119239383659
0.218 0.117789219334
0.219 0.121457827269
0.22 0.122470701637
0.221 0.128792561557
0.222 0.131027564959
0.223 0.132668614226
0.224 0.135826821991
0.225 0.130029375097
0.226 0.136709133955
0.227 0.136734616117
0.228 0.133245599934
0.229 0.14088489146
0.23 0.142743105499
0.231 0.147116232758
0.232 0.146911713123
0.233 0.150162268657
0.234 0.15206403785
0.235 0.149702896203
0.236 0.155820479679
0.237 0.153754702751
0.238 0.159614843254
0.239 0.151542676808
0.24 0.158108428744
0.241 0.165781867914
0.242 0.163725883019
0.243 0.157818310857
0.244 0.170216020328
0.245 0.165345474101
0.246 0.166818557776
0.247 0.172295591016
0.248 0.169180839719
0.249 0.176270123648
0.25 0.167121642517
0.251 0.183612130863
0.252 0.190031551558
0.253 0.180249680047
0.254 0.182928879038
0.255 0.181977074195
0.256 0.185196707584
0.257 0.189865753418
0.258 0.185206291357
0.259 0.189599174287
0.26 0.196291222725
0.261 0.201200514241
0.262 0.206585865674
0.263 0.202085503451
0.264 0.202633813899
0.265 0.208751470317
0.266 0.212447583081
0.267 0.210732815247
0.268 0.218509803866
0.269 0.221763241571
0.27 0.207270840231
0.271 0.224118343382
0.272 0.223396075128
0.273 0.218621598245
0.274 0.226670832856
0.275 0.22313783103
0.276 0.241236284669
0.277 0.229605491215
0.278 0.229648896107
0.279 0.240460450733
0.28 0.249167752498
0.281 0.239189129722
0.282 0.236831014617
0.283 0.246332732816
0.284 0.251703808065
0.285 0.25529397449
0.286 0.258505937565
0.287 0.263074322028
0.288 0.267432956316
0.289 0.266836032951
0.29 0.26751534539
0.291 0.268351176767
0.292 0.271811583837
0.293 0.261952093194
0.294 0.269005638062
0.295 0.296890323593
0.296 0.286422989079
0.297 0.281599391461
0.298 0.283128821477
0.299 0.295783799996
0.3 0.299336926553
0.301 0.302985765424
0.302 0.297734428303
0.303 0.298100751702
0.304 0.301849425744
0.305 0.304671559051
0.306 0.316667752172
0.307 0.316213628534
0.308 0.31878263451
0.309 0.333923726037
0.31 0.333947739875
0.311 0.345660236937
0.312 0.336781578276
0.313 0.338103686086
0.314 0.328123586911
0.315 0.335873395439
0.316 0.34430972744
0.317 0.337213125683
0.318 0.363431802694
0.319 0.373893454082
0.32 0.3549687191
0.321 0.351608668296
0.322 0.362970397186
0.323 0.369888012046
0.324 0.377605918214
0.325 0.364714084882
0.326 0.3789613682
0.327 0.37394282344
0.328 0.4141819594
0.329 0.401602005312
0.33 0.397540858468
0.331 0.403693304822
0.332 0.40367807029
0.333 0.422776691243
0.334 0.420833597189
0.335 0.424201779657
0.336 0.42899373961
0.337 0.443522297677
0.338 0.438686784697
0.339 0.445258684677
0.34 0.464615921498
0.341 0.442509845542
0.342 0.477010465135
0.343 0.476306755991
0.344 0.480242877398
0.345 0.461118358586
0.346 0.479782816091
0.347 0.448605514122
0.348 0.503734394653
0.349 0.504240415776
0.35 0.48327603613
0.351 0.507099853142
0.352 0.487387336799
0.353 0.51939777356
0.354 0.512066801042
0.355 0.500655354614
0.356 0.540916978896
0.357 0.562993314161
0.358 0.532438313531
0.359 0.541773958375
0.36 0.578239352944
0.361 0.570726761122
0.362 0.611273290836
0.363 0.613678503711
0.364 0.599734954091
0.365 0.59386552406
0.366 0.620825261636
0.367 0.638293854257
0.368 0.60100699742
0.369 0.621624701528
0.37 0.634439784353
0.371 0.664569052926
0.372 0.644115324906
0.373 0.647966708535
0.374 0.67336158656
0.375 0.69277475267
0.376 0.745966232522
0.377 0.695062984112
0.378 0.722191916203
0.379 0.70620419339
0.38 0.726920409694
0.381 0.717443845336
0.382 0.715642195264
0.383 0.754278618537
0.384 0.759440885184
0.385 0.787639712917
0.386 0.816866046429
0.387 0.790589064841
0.388 0.818575230371
0.389 0.84731392658
0.39 0.864552226569
0.391 0.877261063847
0.392 0.865680546248
0.393 0.888090528103
0.394 0.959983226676
0.395 0.95143849344
0.396 0.880244544595
0.397 0.988423326024
0.398 1.04499464056
0.399 1.09545741053
0.4 1.03390304
0.401 1.09729715733
0.402 1.04303118387
0.403 1.1478925955
0.404 1.1375618621
0.405 1.24480293337
0.406 1.26304977151
0.407 1.32840546377
0.408 1.26758784968
0.409 1.35302761549
0.41 1.32367539684
0.411 1.35214123522
0.412 1.36067944062
0.413 1.45761006741
0.414 1.3723450078
0.415 1.39638546157
0.416 1.43022412146
0.417 1.48138459893
0.418 1.51426055042
0.419 1.49488301733
0.42 1.59803601952
0.421 1.6310834096
0.422 1.52126100079
0.423 1.56398272185
0.424 1.5244755345
0.425 1.50289784777
0.426 1.57239407352
0.427 1.50384568172
0.428 1.60837202642
0.429 1.56049496255
0.43 1.44885314232
0.431 1.45664117789
0.432 1.60338709276
0.433 1.35866851217
0.434 1.43182261179
0.435 1.48566686207
0.436 1.41270628013
0.437 1.38847039428
0.438 1.3429804434
0.439 1.39045291413
0.44 1.28381451859
0.441 1.33883083344
0.442 1.31016664576
0.443 1.2318709625
0.444 1.30569163193
0.445 1.23167156243
0.446 1.10886084424
0.447 1.04426976886
0.448 1.250446984
0.449 1.0810251972
0.45 1.18223399687
0.451 1.1509739849
0.452 1.02969647572
0.453 1.01725788649
0.454 1.00856093367
0.455 0.99373949573
0.456 1.03134125874
0.457 0.943706200094
0.458 0.967798349982
0.459 1.01268695965
0.46 0.936985496298
0.461 0.903733183114
0.462 0.94082399857
0.463 0.957120230364
0.464 0.902334965744
0.465 0.874610147626
0.466 0.863967869136
0.467 0.808197282225
0.468 0.903988701053
0.469 0.873521286356
0.47 0.774446226531
0.471 0.786570402133
0.472 0.805537969811
0.473 0.797586862007
0.474 0.778695628061
0.475 0.79193987207
0.476 0.763838912575
0.477 0.811818600569
0.478 0.781806531851
0.479 0.767912393919
0.48 0.767506697775
0.481 0.698202490152
0.482 0.704122945198
0.483 0.693250994812
0.484 0.698583871
0.485 0.696103546816
0.486 0.688595501202
0.487 0.688311092663
0.488 0.670893544367
0.489 0.691838204226
0.49 0.665691107334
0.491 0.678204614616
0.492 0.700872404398
0.493 0.657210253223
0.494 0.663113447149
0.495 0.651299543367
0.496 0.625744416591
0.497 0.640421846613
0.498 0.618540901805
0.499 0.583913296707
0.5 0.631934173584
0.501 0.585190063047
0.502 0.601052552838
0.503 0.625059572345
0.504 0.593731298916
0.505 0.580133889456
0.506 0.569375800964
0.507 0.59033576102
0.508 0.608835117005
0.509 0.565458855806
0.51 0.515571413818
0.511 0.570598832494
0.512 0.562677592064
0.513 0.556647337183
0.514 0.510308753637
0.515 0.556855021643
0.516 0.546127060624
0.517 0.540760092826
0.518 0.503501594324
0.519 0.532061585259
0.52 0.500235775
0.521 0.511220608567
0.522 0.497854239131
0.523 0.484796249595
0.524 0.513239771645
0.525 0.492875723359
0.526 0.460904462425
0.527 0.49795295643
0.528 0.4865642199
0.529 0.449425201036
0.53 0.482951456684
0.531 0.463739009548
0.532 0.460521164975
0.533 0.441185771174
0.534 0.450213457614
0.535 0.442273398625
0.536 0.425287852986
0.537 0.453737244442
0.538 0.445143228994
0.539 0.436549235504
0.54 0.435131259736
0.541 0.403179271405
0.542 0.429472611671
0.543 0.408003129033
0.544 0.415172729471
0.545 0.416180243992
0.546 0.41098761992
0.547 0.389105149259
0.548 0.409971875819
0.549 0.388794611143
0.55 0.412526045615
0.551 0.389204983112
0.552 0.387225984212
0.553 0.38846435143
0.554 0.374757143042
0.555 0.371260506273
0.556 0.402818599428
0.557 0.356288979345
0.558 0.379142564169
0.559 0.363052031234
0.56 0.373749007975
0.561 0.352226911342
0.562 0.375546078675
0.563 0.358043036297
0.564 0.337218750775
0.565 0.347386170336
0.566 0.353368153959
0.567 0.338543067169
0.568 0.34617368557
0.569 0.3501053706
0.57 0.337481030359
0.571 0.320914163201
0.572 0.341310179105
0.573 0.340631089723
0.574 0.320786705964
0.575 0.336025603103
0.576 0.327000550716
0.577 0.334318125444
0.578 0.306542960364
0.579 0.303452096612
0.58 0.311436269798
0.581 0.324493438781
0.582 0.325563810471
0.583 0.313411819168
0.584 0.291387753599
0.585 0.315804026865
0.586 0.320965693872
0.587 0.300715000436
0.588 0.28111481824
0.589 0.276913854559
0.59 0.283909282726
0.591 0.295099296517
0.592 0.280193392911
0.593 0.292900518056
0.594 0.303163573914
0.595 0.281938517661
0.596 0.298530871809
0.597 0.277522540149
0.598 0.281452713969
0.599 0.282276694983
0.6 0.267259874348
