0.2 0.0
0.201 1.31337646484
0.202 1.23605170288
0.203 1.32720120996
0.204 1.30146235937
0.205 1.33939842188
0.206 1.35892384375
0.207 1.30521690405
0.208 1.38202948608
0.209 1.36978786621
0.21 1.34891986694
0.211 1.45869647827
0.212 1.41577576563
0.213 1.42596154687
0.214 1.506231625
0.215 1.43787840796
0.216 1.43325437402
0.217 1.52964598608
0.218 1.57886363184
0.219 1.50147003882
0.22 1.52809488184
0.221 1.54349514429
0.222 1.54322518335
0.223 1.56827630835
0.224 1.55714372046
0.225 1.51832666968
0.226 1.48311360132
0.227 1.56633765527
0.228 1.68029735718
0.229 1.65449097437
0.23 1.68784260718
0.231 1.7213224375
0.232 1.70993204688
0.233 1.67324764429
0.234 1.72434101538
0.235 1.69674854272
0.236 1.7079508396
0.237 1.73543350684
0.238 1.82336842188
0.239 1.85759179687
0.24 1.82068139746
0.241 1.88646367944
0.242 1.87103903296
0.243 1.83625378809
0.244 1.91997101538
0.245 1.9016688125
0.246 1.90126902246
0.247 1.87079097437
0.248 1.96518451147
0.249 2.02106937476
0.25 2.02242881812
0.251 2.04868519312
0.252 1.88852499902
0.253 2.04269335937
0.254 2.1414048728
0.255 2.10720935059
0.256 2.21495127905
0.257 2.1056105625
0.258 2.17713741797
0.259 2.20610117188
0.26 2.17409529688
0.261 2.2803680271
0.262 2.2544458396
0.263 2.30466677246
0.264 2.33878513184
0.265 2.40379989624
0.266 2.35611646265
0.267 2.40106609351
0.268 2.45037624902
0.269 2.49449719702
0.27 2.43600169702
0.271 2.48352218652
0.272 2.53523529663
0.273 2.61705429468
0.274 2.61123388062
0.275 2.67909512109
0.276 2.60472756934
0.277 2.59317823999
0.278 2.73446950952
0.279 2.81851878882
0.28 2.80108741309
0.281 2.76352064063
0.282 2.93461918726
0.283 2.79752406226
0.284 2.92068410913
0.285 2.95149016382
0.286 2.9057744314
0.287 2.9570624375
0.288 3.11405014746
0.289 3.06736685327
0.29 2.98536304663
0.291 3.18832767188
0.292 3.18690454077
0.293 3.30675773047
0.294 3.37154779663
0.295 3.35706854858
0.296 3.43345419312
0.297 3.2986877334
0.298 3.39184616309
0.299 3.59489546851
0.3 3.61590829468
0.301 3.74655304297
0.302 3.85676828027
0.303 3.78635341577
0.304 3.78091384375
0.305 3.91135671851
0.306 4.09713110937
0.307 4.0387305625
0.308 4.01241923804
0.309 3.97626362085
0.31 4.09964396265
0.311 4.2745705625
0.312 4.25911519507
0.313 4.22047956152
0.314 4.3957243103
0.315 4.81324154687
0.316 4.82623723047
0.317 4.66796026147
0.318 4.66308515234
0.319 4.92616601172
0.32 4.84223988672
0.321 4.77025157812
0.322 4.93978402734
0.323 5.0735930459
0.324 5.18966463647
0.325 5.32957141577
0.326 5.66973113672
0.327 5.4820763584
0.328 5.61012924194
0.329 5.65720272559
0.33 5.84117868652
0.331 6.20838611304
0.332 6.19934870874
0.333 6.30975013647
0.334 6.40582265601
0.335 6.35656268921
0.336 6.70806902734
0.337 6.60855126733
0.338 6.79795077734
0.339 6.69155562109
0.34 7.32990176538
0.341 7.57019437402
0.342 7.37228857813
0.343 7.77880654297
0.344 8.00572978125
0.345 7.99995460913
0.346 8.03155654297
0.347 8.19931538965
0.348 8.56535717163
0.349 8.77499097632
0.35 8.78934375
0.351 9.14967932397
0.352 8.69401794434
0.353 9.13872468652
0.354 9.69731723047
0.355 9.61222007593
0.356 9.91724601172
0.357 10.1617715701
0.358 10.1659483279
0.359 11.6072026072
0.36 11.1107872439
0.361 11.2009417419
0.362 11.7315425681
0.363 12.1126685586
0.364 12.388462781
0.365 12.643576365
0.366 13.2981713271
0.367 13.091066365
0.368 13.1544864805
0.369 14.2128136875
0.37 14.6129152646
0.371 15.7055825156
0.372 14.7584374587
0.373 16.0335444053
0.374 15.7953268125
0.375 16.9180393533
0.376 17.3447124209
0.377 17.0029179861
0.378 18.6937722458
0.379 18.846222197
0.38 19.2997477419
0.381 19.6252373533
0.382 20.7103499451
0.383 22.0395908975
0.384 20.7320717031
0.385 23.0722725076
0.386 24.0934682068
0.387 24.2725104197
0.388 24.0942432656
0.389 25.2595089688
0.39 27.5330127188
0.391 27.5066380837
0.392 27.9614909756
0.393 29.6716369443
0.394 30.8265850525
0.395 30.9152532654
0.396 31.4015298594
0.397 32.1249989841
0.398 34.919319293
0.399 35.8877701553
0.4 35.4036467224
0.401 37.0507305381
0.402 36.9124359365
0.403 38.2878287461
0.404 37.7169316775
0.405 40.2365680603
0.406 41.6105527188
0.407 42.9446723818
0.408 43.073751074
0.409 44.2073445681
0.41 41.4418389443
0.411 42.2515674099
0.412 43.5083500771
0.413 44.7252706631
0.414 41.8358070068
0.415 42.1715971775
0.416 42.3381196287
0.417 43.2253208787
0.418 40.0266270974
0.419 39.8666097412
0.42 39.1602989834
0.421 34.5444676345
0.422 33.8074726501
0.423 34.109581918
0.424 32.5083376162
0.425 29.8380506631
0.426 30.4609873337
0.427 26.9168294053
0.428 28.0404355225
0.429 28.5351594607
0.43 22.5619537148
0.431 21.1593474685
0.432 22.9582729431
0.433 17.9703294053
0.434 17.9878155381
0.435 17.6588020583
0.436 16.8752373037
0.437 15.226135499
0.438 13.6035638711
0.439 12.6314111084
0.44 10.5693839756
0.441 11.4705140505
0.442 9.41231210327
0.443 7.96073465796
0.444 8.07082063452
0.445 8.07508251343
0.446 5.82213560522
0.447 5.41586404687
0.448 6.55082139429
0.449 5.37699298437
0.45 5.08659573999
0.451 5.48851610718
0.452 4.31452377319
0.453 3.6613269375
0.454 3.92150270996
0.455 3.80853788965
0.456 3.36173691382
0.457 3.06264093726
0.458 3.04209091797
0.459 3.16325967187
0.46 2.66805126733
0.461 2.58079052734
0.462 2.3325441709
0.463 2.54349701538
0.464 2.09416616187
0.465 1.9778762146
0.466 2.00014753687
0.467 1.79132220679
0.468 1.80612629297
0.469 1.622304125
0.47 1.64085522437
0.471 1.60175578101
0.472 1.4010501709
0.473 1.30644470215
0.474 1.2529593728
0.475 1.27994953882
0.476 1.27836516382
0.477 1.21743398437
0.478 1.25052985132
0.479 1.07690859375
0.48 1.22419482812
0.481 0.956231761719
0.482 0.940119339844
0.483 0.960511905273
0.484 0.87492139624
0.485 0.896472608398
0.486 0.873456327148
0.487 0.781413842773
0.488 0.856485375
0.489 0.800838054443
0.49 0.787463222412
0.491 0.761731703125
0.492 0.802022488037
0.493 0.7479311875
0.494 0.761661638428
0.495 0.674757757568
0.496 0.64054646875
0.497 0.613086952148
0.498 0.628989061523
0.499 0.552144725586
0.5 0.584147040772
0.501 0.512105097412
0.502 0.564241699219
0.503 0.536427777344
0.504 0.537294880615
0.505 0.517575350586
0.506 0.49374375
0.507 0.469517409912
0.508 0.538672577148
0.509 0.47141584375
0.51 0.400033827881
0.511 0.455970017334
0.512 0.412491448974
0.513 0.423178792969
0.514 0.379831423584
0.515 0.398603436523
0.516 0.388956755615
0.517 0.360651678711
0.518 0.334172030273
0.519 0.391163389648
0.52 0.338283437256
0.521 0.338329730469
0.522 0.3100887146
0.523 0.298309519287
0.524 0.322414014648
0.525 0.30210353125
0.526 0.291883392334
0.527 0.304871267334
0.528 0.294051402344
0.529 0.265587884521
0.53 0.27751165625
0.531 0.261630796875
0.532 0.272023046631
0.533 0.261039574219
0.534 0.258823339844
0.535 0.247499058594
0.536 0.236422429443
0.537 0.244898046875
0.538 0.248217875
0.539 0.220582331787
0.54 0.219174345459
0.541 0.217009756836
0.542 0.2211728396
0.543 0.21427217749
0.544 0.21138634375
0.545 0.213608358398
0.546 0.197348066162
0.547 0.187866839844
0.548 0.190104638428
0.549 0.184063574219
0.55 0.204595263428
0.551 0.178524847412
0.552 0.184400663086
0.553 0.171638632568
0.554 0.17557255835
0.555 0.166884390625
0.556 0.180761259522
0.557 0.149821405273
0.558 0.159267898193
0.559 0.160674022461
0.56 0.161849472412
0.561 0.153392967773
0.562 0.163189607178
0.563 0.146011425537
0.564 0.130644530274
0.565 0.143689647461
0.566 0.146768011719
0.567 0.134426054443
0.568 0.132408632568
0.569 0.139910546875
0.57 0.1254130271
0.571 0.125770066162
0.572 0.132743453125
0.573 0.136293894287
0.574 0.120480459961
0.575 0.123925124756
0.576 0.124764099365
0.577 0.122057984375
0.578 0.109365152344
0.579 0.10714520874
0.58 0.102741156006
0.581 0.113909756836
0.582 0.112341703125
0.583 0.104709173584
0.584 0.101013480469
0.585 0.10629280249
0.586 0.115376152099
0.587 0.104517358398
0.588 0.0893718349611
0.589 0.0915193942872
0.59 0.0908616396483
0.591 0.0971568630372
0.592 0.0933275146484
0.593 0.0913812499999
0.594 0.0969717478027
0.595 0.0935363708496
0.596 0.0974004821777
0.597 0.089470452881
0.598 0.0922553505859
0.599 0.0827922302245
0.6 0.0814172056893
