0.3 0.0
0.301 0.0972999173396
0.302 0.0982414418993
0.303 0.0992741728645
0.304 0.0987282319044
0.305 0.100525312059
0.306 0.102449236063
0.307 0.100977911438
0.308 0.103779053963
0.309 0.103213095152
0.31 0.106560123475
0.311 0.105095559803
0.312 0.105535393031
0.313 0.103300329409
0.314 0.105598347521
0.315 0.108099012239
0.316 0.10868057865
0.317 0.109636707789
0.318 0.114764677141
0.319 0.11063629269
0.32 0.112118550686
0.321 0.114615339129
0.322 0.113291990246
0.323 0.113767930822
0.324 0.118235468902
0.325 0.11412795558
0.326 0.114638419195
0.327 0.116750916931
0.328 0.121385120301
0.329 0.118865578182
0.33 0.121053067476
0.331 0.123978008879
0.332 0.122029211263
0.333 0.121669260108
0.334 0.123917417785
0.335 0.121062683433
0.336 0.125924698616
0.337 0.124031285155
0.338 0.126609140612
0.339 0.127360527515
0.34 0.132203495212
0.341 0.127097716304
0.342 0.131918239069
0.343 0.131278193913
0.34400000000000003 0.133331707912
0.34500000000000003 0.138433219825
0.34600000000000003 0.132016339077
0.34700000000000003 0.140250768859
0.34800000000000003 0.138443029349
0.34900000000000003 0.138010961846
0.35000000000000003 0.139380337004
0.35100000000000003 0.137546840556
0.35200000000000004 0.145091120402
0.35300000000000004 0.143495708602
0.35400000000000004 0.141001808078
0.35500000000000004 0.141958647936
0.35600000000000004 0.141377710864
0.35700000000000004 0.145788103402
0.35800000000000004 0.147142976127
0.35900000000000004 0.144963706934
0.36000000000000004 0.148404340469
0.36100000000000004 0.147608702021
0.36200000000000004 0.147444235861
0.36300000000000004 0.150060144854
0.36400000000000005 0.149376413247
0.36500000000000005 0.149655336142
0.36600000000000005 0.152057563707
0.36700000000000005 0.156866983665
0.36800000000000005 0.156096017329
0.36900000000000005 0.158788060756
0.37000000000000005 0.152349973699
0.37100000000000005 0.15917892439
0.37200000000000005 0.162438138638
0.37300000000000005 0.161242904285
0.37400000000000005 0.165493563648
0.37500000000000006 0.167984649502
0.37600000000000006 0.169657875665
0.37700000000000006 0.164790344733
0.37800000000000006 0.167748035636
0.37900000000000006 0.167353140797
0.38000000000000006 0.174181877689
0.38100000000000006 0.172841922583
0.38200000000000006 0.167111743131
0.38300000000000006 0.174273459179
0.38400000000000006 0.180209167594
0.38500000000000006 0.178614291572
0.38600000000000007 0.176258172647
0.38700000000000007 0.176883962601
0.38800000000000007 0.180838901116
0.38900000000000007 0.180893549234
0.39000000000000007 0.18541725479
0.39100000000000007 0.179944240399
0.39200000000000007 0.190736708929
0.39300000000000007 0.189087002872
0.3940000000000001 0.186026064203
0.3950000000000001 0.185941215004
0.3960000000000001 0.185277825894
0.3970000000000001 0.187978967183
0.3980000000000001 0.192802169098
0.3990000000000001 0.187515507593
0.4000000000000001 0.194798262087
0.4010000000000001 0.192543278113
0.4020000000000001 0.195513489527
0.4030000000000001 0.194054064488
0.4040000000000001 0.202254009094
0.4050000000000001 0.201653939119
0.4060000000000001 0.205157601508
0.4070000000000001 0.203980454005
0.4080000000000001 0.205262734407
0.4090000000000001 0.205174888011
0.4100000000000001 0.211992635282
0.4110000000000001 0.205818154669
0.4120000000000001 0.210084092083
0.4130000000000001 0.212238252122
0.4140000000000001 0.20814007847
0.4150000000000001 0.210215864228
0.4160000000000001 0.219495277305
0.4170000000000001 0.219129179421
0.4180000000000001 0.215269133841
0.4190000000000001 0.224245094664
0.4200000000000001 0.223088842686
0.4210000000000001 0.221755273428
0.4220000000000001 0.227585838657
0.4230000000000001 0.227298589608
0.4240000000000001 0.23157456865
0.4250000000000001 0.234993755465
0.4260000000000001 0.235207224383
0.4270000000000001 0.23756076872
0.4280000000000001 0.238884444298
0.4290000000000001 0.237063742518
0.4300000000000001 0.238695082805
0.4310000000000001 0.236548157851
0.4320000000000001 0.24365906118
0.4330000000000001 0.248157711144
0.4340000000000001 0.245358769261
0.4350000000000001 0.253602220561
0.4360000000000001 0.241687855718
0.4370000000000001 0.258365320914
0.4380000000000001 0.253452627244
0.4390000000000001 0.256684985801
0.4400000000000001 0.257613468891
0.4410000000000001 0.252290271647
0.4420000000000001 0.268008682644
0.4430000000000001 0.264892404572
0.4440000000000001 0.260228398553
0.4450000000000001 0.268515332094
0.4460000000000001 0.267775375369
0.4470000000000001 0.277412900975
0.4480000000000001 0.271637718587
0.4490000000000001 0.273079818879
0.4500000000000001 0.278397033569
0.4510000000000001 0.274419516565
0.4520000000000001 0.276068541343
0.4530000000000001 0.273504240547
0.4540000000000001 0.276120457455
0.4550000000000001 0.289910179946
0.4560000000000001 0.288247361779
0.45700000000000013 0.282750941639
0.45800000000000013 0.285346559628
0.45900000000000013 0.293188762096
0.46000000000000013 0.300577697506
0.46100000000000013 0.298662532005
0.46200000000000013 0.284954730965
0.46300000000000013 0.303740516829
0.46400000000000013 0.295674067506
0.46500000000000014 0.297353531536
0.46600000000000014 0.30881011731
0.46700000000000014 0.309139775911
0.46800000000000014 0.307893009389
0.46900000000000014 0.313464589546
0.47000000000000014 0.314257209076
0.47100000000000014 0.317513966034
0.47200000000000014 0.30918258858
0.47300000000000014 0.309124326512
0.47400000000000014 0.313741970387
0.47500000000000014 0.318265017611
0.47600000000000015 0.3226495201
0.47700000000000015 0.31869675533
0.47800000000000015 0.335987925924
0.47900000000000015 0.322625633261
0.48000000000000015 0.334041528793
0.48100000000000015 0.327648647964
0.48200000000000015 0.350633697891
0.48300000000000015 0.345883913619
0.48400000000000015 0.338110800106
0.48500000000000015 0.357026561607
0.48600000000000015 0.342680565745
0.48700000000000015 0.349129481452
0.48800000000000016 0.364067295887
0.48900000000000016 0.356233708913
0.49000000000000016 0.358330728415
0.49100000000000016 0.352378413245
0.49200000000000016 0.359516673471
0.49300000000000016 0.362238049335
0.49400000000000016 0.372887297551
0.49500000000000016 0.381540739584
0.49600000000000016 0.380380563909
0.49700000000000016 0.392991437137
0.49800000000000016 0.378855533497
0.49900000000000017 0.387748840175
0.5000000000000001 0.393961822323
0.5010000000000001 0.402699536157
0.5020000000000001 0.38027432418
0.5030000000000001 0.385284841215
0.5040000000000001 0.395408182745
0.5050000000000001 0.401541213798
0.5060000000000001 0.399970574168
0.5070000000000001 0.427774877281
0.5080000000000001 0.405787044003
0.5090000000000001 0.412297979426
0.5100000000000001 0.425116495493
0.5110000000000001 0.413554656766
0.5120000000000001 0.423201715696
0.5130000000000001 0.417120770727
0.5140000000000001 0.443448431905
0.5150000000000001 0.437448980952
0.5160000000000001 0.434685377403
0.5170000000000001 0.437651482679
0.5180000000000001 0.447448546752
0.5190000000000001 0.451952875866
0.5200000000000001 0.452851290768
0.5210000000000001 0.441673693971
0.5220000000000001 0.44921083657
0.5230000000000001 0.442918671208
0.5240000000000001 0.436730137228
0.5250000000000001 0.463175901678
0.5260000000000001 0.461926414389
0.5270000000000001 0.476702560356
0.5280000000000001 0.4772851906
0.5290000000000001 0.482720099212
0.5300000000000001 0.481478509319
0.5310000000000001 0.464705081242
0.5320000000000001 0.487637162877
0.5330000000000001 0.494663622925
0.5340000000000001 0.479321722157
0.5350000000000001 0.504738416786
0.5360000000000001 0.47846390057
0.5370000000000001 0.524575922678
0.5380000000000001 0.528030276537
0.5390000000000001 0.517191812744
0.5400000000000001 0.532137678657
0.5410000000000001 0.529583882262
0.5420000000000001 0.545073967186
0.5430000000000001 0.523919858729
0.5440000000000002 0.519548656117
0.5450000000000002 0.539082165862
0.5460000000000002 0.565754626748
0.5470000000000002 0.547662192921
0.5480000000000002 0.547000152862
0.5490000000000002 0.528812728897
0.5500000000000002 0.585660951799
0.5510000000000002 0.548793555509
0.5520000000000002 0.580942159538
0.5530000000000002 0.575232161589
0.5540000000000002 0.576145419256
0.5550000000000002 0.585008385813
0.5560000000000002 0.558202008648
0.5570000000000002 0.572967811422
0.5580000000000002 0.575114543611
0.5590000000000002 0.607233292033
0.5600000000000002 0.61893647328
0.5610000000000002 0.632469623699
0.5620000000000002 0.604474609454
0.5630000000000002 0.62518150572
0.5640000000000002 0.644314971364
0.5650000000000002 0.665080269989
0.5660000000000002 0.642091931666
0.5670000000000002 0.633197234645
0.5680000000000002 0.673502785289
0.5690000000000002 0.670861879191
0.5700000000000002 0.672393432095
0.5710000000000002 0.652110988496
0.5720000000000002 0.668520912413
0.5730000000000002 0.658794985883
0.5740000000000002 0.698376125051
0.5750000000000002 0.683304972635
0.5760000000000002 0.671056801748
0.5770000000000002 0.724228865476
0.5780000000000002 0.714323135855
0.5790000000000002 0.699461053236
0.5800000000000002 0.731917987226
0.5810000000000002 0.715626699205
0.5820000000000002 0.728262193494
0.5830000000000002 0.745587366261
0.5840000000000002 0.745116968248
0.5850000000000002 0.745161132755
0.5860000000000002 0.734711669835
0.5870000000000002 0.765801407029
0.5880000000000002 0.810049043986
0.5890000000000002 0.790958795211
0.5900000000000002 0.750272013876
0.5910000000000002 0.785902840135
0.5920000000000002 0.819371145417
0.5930000000000002 0.773547260655
0.5940000000000002 0.805088222018
0.5950000000000002 0.835669980413
0.5960000000000002 0.810652786194
0.5970000000000002 0.805141420746
0.5980000000000002 0.871471748029
0.5990000000000002 0.864563122666
0.6000000000000002 0.874025542969
0.6010000000000002 0.900923057857
0.6020000000000002 0.913297724745
0.6030000000000002 0.863500819585
0.6040000000000002 0.90399311185
0.6050000000000002 0.852895787325
0.6060000000000002 0.972970877431
0.6070000000000002 0.935488655537
0.6080000000000002 1.004426952
0.6090000000000002 1.01010751761
0.6100000000000002 1.00447739087
0.6110000000000002 1.04764630258
0.6120000000000002 0.98441203021
0.6130000000000002 1.03672025892
0.6140000000000002 1.00873490185
0.6150000000000002 1.03763128696
0.6160000000000002 1.05995694299
0.6170000000000002 1.08285439492
0.6180000000000002 0.982905084004
0.6190000000000002 1.08633858348
0.6200000000000002 1.07443183109
0.6210000000000002 1.01598442896
0.6220000000000002 1.18959406214
0.6230000000000002 1.10182628381
0.6240000000000002 1.17262420823
0.6250000000000002 1.19001517162
0.6260000000000002 1.17373906294
0.6270000000000002 1.09840035017
0.6280000000000002 1.25303002511
0.6290000000000002 1.18124449918
0.6300000000000002 1.28387999197
0.6310000000000002 1.16598820481
0.6320000000000002 1.28392898188
0.6330000000000002 1.28987851945
0.6340000000000002 1.27115453619
0.6350000000000002 1.34073380611
0.6360000000000002 1.36348623133
0.6370000000000002 1.27883724619
0.6380000000000002 1.3133448078
0.6390000000000002 1.33155670024
0.6400000000000002 1.53446557919
0.6410000000000002 1.40199259079
0.6420000000000002 1.53596136634
0.6430000000000002 1.50615838738
0.6440000000000002 1.53906869061
0.6450000000000002 1.545794748
0.6460000000000002 1.52974140469
0.6470000000000002 1.59961095962
0.6480000000000002 1.74539222886
0.6490000000000002 1.62222824865
0.6500000000000002 1.71330062703
0.6510000000000002 1.75965667067
0.6520000000000002 1.65133761004
0.6530000000000002 1.91839034574
0.6540000000000002 1.70979721103
0.6550000000000002 1.83025220866
0.6560000000000002 1.76984375264
0.6570000000000003 1.71244762237
0.6580000000000003 1.85174219781
0.6590000000000003 1.9035654494
0.6600000000000003 2.05360088992
0.6610000000000003 2.02596231908
0.6620000000000003 1.91091468716
0.6630000000000003 1.98628275566
0.6640000000000003 2.14649405289
0.6650000000000003 2.02460061041
0.6660000000000003 2.09830681903
0.6670000000000003 2.10909912501
0.6680000000000003 2.15787052459
0.6690000000000003 2.09037065404
0.6700000000000003 1.94569533528
0.6710000000000003 2.3181013372
0.6720000000000003 2.5146000616
0.6730000000000003 2.31142013534
0.6740000000000003 2.19563135108
0.6750000000000003 2.49111940657
0.6760000000000003 2.51700357247
0.6770000000000003 2.49773118019
0.6780000000000003 2.45226555004
0.6790000000000003 2.61395071518
0.6800000000000003 2.7017345341
0.6810000000000003 2.8052298025
0.6820000000000003 2.63349256143
0.6830000000000003 2.6852493454
0.6840000000000003 2.61672829839
0.6850000000000003 2.76707183096
0.6860000000000003 2.73678973921
0.6870000000000003 2.73056969002
0.6880000000000003 2.99123841935
0.6890000000000003 3.18778621923
0.6900000000000003 2.84872080798
0.6910000000000003 2.95467075973
0.6920000000000003 2.94559067216
0.6930000000000003 3.12006789275
0.6940000000000003 3.21448628376
0.6950000000000003 3.17165818
0.6960000000000003 3.29187048756
0.6970000000000003 3.09176736775
0.6980000000000003 3.26967359854
0.6990000000000003 3.43815327462
0.7000000000000003 3.33145864623
0.7010000000000003 3.49808801747
0.7020000000000003 3.31811859163
0.7030000000000003 3.43822832141
0.7040000000000003 3.46655885672
0.7050000000000003 3.41976891443
0.7060000000000003 3.55007138983
0.7070000000000003 3.46125773351
0.7080000000000003 3.56209969163
0.7090000000000003 3.42628366739
0.7100000000000003 3.42096821352
0.7110000000000003 3.48427267169
0.7120000000000003 3.5630187534
0.7130000000000003 3.51184303584
0.7140000000000003 3.57325649973
0.7150000000000003 3.7154856494
0.7160000000000003 3.52953300846
0.7170000000000003 3.75429647565
0.7180000000000003 3.4680492154
0.7190000000000003 3.64660179471
0.7200000000000003 3.52311838559
0.7210000000000003 3.49700682823
0.7220000000000003 3.76651858831
0.7230000000000003 3.73580854239
0.7240000000000003 3.57204369217
0.7250000000000003 3.83022680459
0.7260000000000003 3.73678237039
0.7270000000000003 3.56991012797
0.7280000000000003 3.60748181228
0.7290000000000003 3.87381806829
0.7300000000000003 3.78516901601
0.7310000000000003 3.53615241263
0.7320000000000003 3.48032263446
0.7330000000000003 3.35280897032
0.7340000000000003 3.4332481548
0.7350000000000003 3.4496100933
0.7360000000000003 3.32138514129
0.7370000000000003 3.43827365289
0.7380000000000003 3.48660000596
0.7390000000000003 3.48480801477
0.7400000000000003 3.3292201245
0.7410000000000003 3.18114621309
0.7420000000000003 3.49211767252
0.7430000000000003 3.28071872768
0.7440000000000003 2.90203156922
0.7450000000000003 3.29520050611
0.7460000000000003 3.12696099744
0.7470000000000003 3.27962850164
0.7480000000000003 3.567140907
0.7490000000000003 3.11696116573
0.7500000000000003 2.9458856962
0.7510000000000003 3.20356705146
0.7520000000000003 3.24019923536
0.7530000000000003 3.24009195422
0.7540000000000003 3.1852379941
0.7550000000000003 3.13851511188
0.7560000000000003 2.62259642852
0.7570000000000003 2.85440779243
0.7580000000000003 2.56631272662
0.7590000000000003 2.75692781407
0.7600000000000003 2.8251317969
0.7610000000000003 2.78976173319
0.7620000000000003 2.67391943107
0.7630000000000003 2.51503982976
0.7640000000000003 3.02462436504
0.7650000000000003 2.40701103767
0.7660000000000003 2.71919893582
0.7670000000000003 2.34451233226
0.7680000000000003 2.63392934536
0.7690000000000003 2.51471901595
0.7700000000000004 2.14564253384
0.7710000000000004 2.30157839166
0.7720000000000004 2.50987218081
0.7730000000000004 2.43966177059
0.7740000000000004 2.15133079129
0.7750000000000004 2.19534540527
0.7760000000000004 2.40809594246
0.7770000000000004 2.152483241
0.7780000000000004 1.9298516703
0.7790000000000004 2.26266184821
0.7800000000000004 2.1963381851
0.7810000000000004 2.13301099305
0.7820000000000004 2.11092410851
0.7830000000000004 1.84142634197
0.7840000000000004 1.69259390033
0.7850000000000004 2.13764986233
0.7860000000000004 2.06315305109
0.7870000000000004 1.79703735568
0.7880000000000004 1.89039857579
0.7890000000000004 1.80464454947
0.7900000000000004 1.85783583142
0.7910000000000004 1.85527781525
0.7920000000000004 1.7797667914
0.7930000000000004 2.12599329637
0.7940000000000004 1.91009636999
0.7950000000000004 1.66940204591
0.7960000000000004 1.61847609588
0.7970000000000004 1.66961084831
0.7980000000000004 1.68570362763
0.7990000000000004 1.72160414442
0.8000000000000004 1.57564490187
0.8010000000000004 1.58314524004
0.8020000000000004 1.52632292436
0.8030000000000004 1.47774310925
0.8040000000000004 1.51639284904
0.8050000000000004 1.50562877857
0.8060000000000004 1.51180494645
0.8070000000000004 1.46829411415
0.8080000000000004 1.44808499989
0.8090000000000004 1.34980993753
0.8100000000000004 1.33849540374
0.8110000000000004 1.40707575873
0.8120000000000004 1.38246346335
0.8130000000000004 1.38266482989
0.8140000000000004 1.30792232731
0.8150000000000004 1.28919409249
0.8160000000000004 1.30398006362
0.8170000000000004 1.23692682192
0.8180000000000004 1.27740359958
0.8190000000000004 1.16914089819
0.8200000000000004 1.21470005143
0.8210000000000004 1.29354497897
0.8220000000000004 1.20870620561
0.8230000000000004 1.18581108331
0.8240000000000004 1.30520458426
0.8250000000000004 1.07278715689
0.8260000000000004 1.28660115347
0.8270000000000004 1.30583787391
0.8280000000000004 1.17565670707
0.8290000000000004 1.22643134904
0.8300000000000004 1.09194383363
0.8310000000000004 1.20083656315
0.8320000000000004 1.24947320728
0.8330000000000004 1.04168341403
0.8340000000000004 1.08725297339
0.8350000000000004 1.15091609692
0.8360000000000004 1.10354703149
0.8370000000000004 1.1020887653
0.8380000000000004 1.01548175353
0.8390000000000004 1.07523590547
0.8400000000000004 0.857942400892
0.8410000000000004 0.946188447418
0.8420000000000004 0.986667723695
0.8430000000000004 0.963003270301
0.8440000000000004 1.00163326208
0.8450000000000004 1.0004772155
0.8460000000000004 0.969007027012
0.8470000000000004 0.935157376556
0.8480000000000004 0.917801489836
0.8490000000000004 0.946475921206
0.8500000000000004 0.939941418212
0.8510000000000004 0.927379656711
0.8520000000000004 0.932927160276
0.8530000000000004 0.936676144052
0.8540000000000004 0.928160595842
0.8550000000000004 0.917509508733
0.8560000000000004 0.905039515737
0.8570000000000004 0.800035318965
0.8580000000000004 0.853891632995
0.8590000000000004 0.785633755075
0.8600000000000004 0.867869762928
0.8610000000000004 0.802776555739
0.8620000000000004 0.781476372374
0.8630000000000004 0.769962792218
0.8640000000000004 0.790610782989
0.8650000000000004 0.761151512612
0.8660000000000004 0.76321701476
0.8670000000000004 0.760329392978
0.8680000000000004 0.743752478019
0.8690000000000004 0.734348828186
0.8700000000000004 0.718499756646
0.8710000000000004 0.680090327264
0.8720000000000004 0.730651642304
0.8730000000000004 0.744935638801
0.8740000000000004 0.712725439678
0.8750000000000004 0.698818061775
0.8760000000000004 0.653421771412
0.8770000000000004 0.759050071027
0.8780000000000004 0.757560205611
0.8790000000000004 0.667763639572
0.8800000000000004 0.707384837703
0.8810000000000004 0.674772108027
0.8820000000000005 0.683351756339
0.8830000000000005 0.637532552565
0.8840000000000005 0.715011087161
0.8850000000000005 0.697734189555
0.8860000000000005 0.656247637697
0.8870000000000005 0.661974753876
0.8880000000000005 0.674307137687
0.8890000000000005 0.672245990435
0.8900000000000005 0.707366316757
0.8910000000000005 0.58811385693
0.8920000000000005 0.618635362678
0.8930000000000005 0.621918900992
0.8940000000000005 0.575702524223
0.8950000000000005 0.552499110115
0.8960000000000005 0.61330058002
0.8970000000000005 0.590409926619
0.8980000000000005 0.550326421831
0.8990000000000005 0.589320284503
0.9000000000000005 0.59221864487
