0.3 0.03125
0.301 0.0011689453125
0.302 0.00069140625
0.303 0.001599609375
0.304 0.001052734375
0.305 0.000435546875
0.306 0.00168359375
0.307 0.00040625
0.308 0.0019287109375
0.309 0.001548828125
0.31 0.000951171875
0.311 0.0009248046875
0.312 0.0015322265625
0.313 0.0020888671875
0.314 0.0011337890625
0.315 0.0015
0.316 0.0010283203125
0.317 0.00189453125
0.318 0.0003818359375
0.319 0.001251953125
0.32 0.0001787109375
0.321 0.0025810546875
0.322 4.58984375e-05
0.323 0.0004189453125
0.324 0.0001982421875
0.325 0.0014208984375
0.326 0.000421875
0.327 0.00024609375
0.328 0.0006328125
0.329 0.00028515625
0.33 0.0002001953125
0.331 9.765625e-05
0.332 0.000443359375
0.333 0.0010947265625
0.334 0.002017578125
0.335 0.001947265625
0.336 0.000853515625
0.337 0.0004521484375
0.338 0.0020849609375
0.339 0.00099609375
0.34 0.0005419921875
0.341 0.0012470703125
0.342 0.0018623046875
0.343 0.0010029296875
0.34400000000000003 0.0009208984375
0.34500000000000003 4.296875e-05
0.34600000000000003 0.0008388671875
0.34700000000000003 0.0010625
0.34800000000000003 0.0021591796875
0.34900000000000003 0.0009697265625
0.35000000000000003 0.000298828125
0.35100000000000003 0.00178515625
0.35200000000000004 0.000794921875
0.35300000000000004 0.0020263671875
0.35400000000000004 7.51953125e-05
0.35500000000000004 0.00010546875
0.35600000000000004 0.0013125
0.35700000000000004 0.0007978515625
0.35800000000000004 7.32421875e-05
0.35900000000000004 0.0003349609375
0.36000000000000004 0.0014970703125
0.36100000000000004 0.001521484375
0.36200000000000004 0.00040625
0.36300000000000004 0.0013671875
0.36400000000000005 0.000466796875
0.36500000000000005 0.001669921875
0.36600000000000005 0.0016796875
0.36700000000000005 0.0001943359375
0.36800000000000005 0.001302734375
0.36900000000000005 0.0019716796875
0.37000000000000005 0.0001318359375
0.37100000000000005 0.0004814453125
0.37200000000000005 0.0016162109375
0.37300000000000005 0.0023876953125
0.37400000000000005 0.0006474609375
0.37500000000000006 0.001283203125
0.37600000000000006 0.0019853515625
0.37700000000000006 6.54296875e-05
0.37800000000000006 0.0016083984375
0.37900000000000006 0.000146484375
0.38000000000000006 0.0007626953125
0.38100000000000006 0.0003193359375
0.38200000000000006 0.002794921875
0.38300000000000006 0.0003818359375
0.38400000000000006 0.0013701171875
0.38500000000000006 0.0004716796875
0.38600000000000007 0.0020068359375
0.38700000000000007 0.0014248046875
0.38800000000000007 0.001140625
0.38900000000000007 0.00056640625
0.39000000000000007 0.001150390625
0.39100000000000007 0.001521484375
0.39200000000000007 0.0009677734375
0.39300000000000007 0.0009521484375
0.3940000000000001 0.0015810546875
0.3950000000000001 0.000306640625
0.3960000000000001 0.000935546875
0.3970000000000001 0.0009658203125
0.3980000000000001 0.002884765625
0.3990000000000001 0.000923828125
0.4000000000000001 1.66015625e-05
0.4010000000000001 0.00058984375
0.4020000000000001 0.00084765625
0.4030000000000001 0.0013779296875
0.4040000000000001 0.0001064453125
0.4050000000000001 0.00038671875
0.4060000000000001 0.0011083984375
0.4070000000000001 2.44140625e-05
0.4080000000000001 0.0002734375
0.4090000000000001 0.0012177734375
0.4100000000000001 5.17578125e-05
0.4110000000000001 0.0016337890625
0.4120000000000001 0.0008955078125
0.4130000000000001 0.0008125
0.4140000000000001 0.0043720703125
0.4150000000000001 0.0005146484375
0.4160000000000001 0.0003046875
0.4170000000000001 0.0019853515625
0.4180000000000001 0.002060546875
0.4190000000000001 0.00077734375
0.4200000000000001 0.0009951171875
0.4210000000000001 0.000150390625
0.4220000000000001 0.002359375
0.4230000000000001 0.0015087890625
0.4240000000000001 0.002216796875
0.4250000000000001 0.0001455078125
0.4260000000000001 0.00161328125
0.4270000000000001 0.000107421875
0.4280000000000001 0.0021181640625
0.4290000000000001 0.0010048828125
0.4300000000000001 0.000369140625
0.4310000000000001 0.0001103515625
0.4320000000000001 0.0037890625
0.4330000000000001 0.0005322265625
0.4340000000000001 0.0024736328125
0.4350000000000001 0.0025830078125
0.4360000000000001 0.0013857421875
0.4370000000000001 0.000177734375
0.4380000000000001 0.002017578125
0.4390000000000001 0.004564453125
0.4400000000000001 0.00019921875
0.4410000000000001 0.0018125
0.4420000000000001 0.0014169921875
0.4430000000000001 0.000171875
0.4440000000000001 0.002376953125
0.4450000000000001 0.0003271484375
0.4460000000000001 0.0028935546875
0.4470000000000001 0.001390625
0.4480000000000001 0.0001962890625
0.4490000000000001 0.0026337890625
0.4500000000000001 0.0028505859375
0.4510000000000001 0.0026044921875
0.4520000000000001 0.00387890625
0.4530000000000001 0.000353515625
0.4540000000000001 0.0033310546875
0.4550000000000001 0.0029296875
0.4560000000000001 0.0012548828125
0.45700000000000013 0.002740234375
0.45800000000000013 0.0033505859375
0.45900000000000013 0.0065888671875
0.46000000000000013 0.00052734375
0.46100000000000013 0.0016220703125
0.46200000000000013 0.0020361328125
0.46300000000000013 0.00397265625
0.46400000000000013 0.002828125
0.46500000000000014 0.0017685546875
0.46600000000000014 0.0015439453125
0.46700000000000014 0.0056689453125
0.46800000000000014 0.0041171875
0.46900000000000014 0.002255859375
0.47000000000000014 0.001880859375
0.47100000000000014 0.0055126953125
0.47200000000000014 0.000939453125
0.47300000000000014 0.00218359375
0.47400000000000014 0.00478515625
0.47500000000000014 0.00171875
0.47600000000000015 0.00564453125
0.47700000000000015 0.0003271484375
0.47800000000000015 0.0010615234375
0.47900000000000015 0.0017158203125
0.48000000000000015 0.0016025390625
0.48100000000000015 0.0022783203125
0.48200000000000015 0.0009228515625
0.48300000000000015 0.0009833984375
0.48400000000000015 0.0035615234375
0.48500000000000015 0.0048173828125
0.48600000000000015 0.0005048828125
0.48700000000000015 0.0002431640625
0.48800000000000016 0.0058369140625
0.48900000000000016 0.0066982421875
0.49000000000000016 0.0036123046875
0.49100000000000016 0.0032978515625
0.49200000000000016 0.0003974609375
0.49300000000000016 0.003166015625
0.49400000000000016 0.002275390625
0.49500000000000016 0.0017236328125
0.49600000000000016 0.000927734375
0.49700000000000016 0.005455078125
0.49800000000000016 0.001021484375
0.49900000000000017 0.0028330078125
0.5000000000000001 0.00205859375
0.5010000000000001 0.0011962890625
0.5020000000000001 0.003177734375
0.5030000000000001 0.00715234375
0.5040000000000001 0.0075419921875
0.5050000000000001 0.00381640625
0.5060000000000001 0.0015927734375
0.5070000000000001 0.002470703125
0.5080000000000001 0.00376171875
0.5090000000000001 0.0017958984375
0.5100000000000001 0.0044765625
0.5110000000000001 0.0001279296875
0.5120000000000001 0.000564453125
0.5130000000000001 0.001189453125
0.5140000000000001 0.0033330078125
0.5150000000000001 0.00244140625
0.5160000000000001 0.006201171875
0.5170000000000001 0.00188671875
0.5180000000000001 0.0028056640625
0.5190000000000001 0.003546875
0.5200000000000001 0.00025390625
0.5210000000000001 0.000240234375
0.5220000000000001 0.0089013671875
0.5230000000000001 0.002140625
0.5240000000000001 0.00527734375
0.5250000000000001 0.003958984375
0.5260000000000001 0.013306640625
0.5270000000000001 0.0008662109375
0.5280000000000001 0.00274609375
0.5290000000000001 0.0002861328125
0.5300000000000001 0.0045654296875
0.5310000000000001 0.0068525390625
0.5320000000000001 0.0004453125
0.5330000000000001 0.0004765625
0.5340000000000001 0.00231640625
0.5350000000000001 0.0023876953125
0.5360000000000001 3.7109375e-05
0.5370000000000001 0.0025947265625
0.5380000000000001 0.0045732421875
0.5390000000000001 0.008146484375
0.5400000000000001 0.002755859375
0.5410000000000001 0.0107109375
0.5420000000000001 0.0017314453125
0.5430000000000001 1.5625e-05
0.5440000000000002 0.0074892578125
0.5450000000000002 0.0009287109375
0.5460000000000002 0.004390625
0.5470000000000002 0.000544921875
0.5480000000000002 0.0019111328125
0.5490000000000002 0.0029638671875
0.5500000000000002 0.001400390625
0.5510000000000002 0.0005322265625
0.5520000000000002 0.0025849609375
0.5530000000000002 0.008015625
0.5540000000000002 0.01263671875
0.5550000000000002 0.0074599609375
0.5560000000000002 0.003669921875
0.5570000000000002 0.0017314453125
0.5580000000000002 0.0026904296875
0.5590000000000002 0.0068115234375
0.5600000000000002 0.008271484375
0.5610000000000002 0.0069951171875
0.5620000000000002 0.0003310546875
0.5630000000000002 0.003220703125
0.5640000000000002 0.005927734375
0.5650000000000002 0.0022861328125
0.5660000000000002 0.00253515625
0.5670000000000002 0.006201171875
0.5680000000000002 0.0167705078125
0.5690000000000002 0.0033212890625
0.5700000000000002 0.0180283203125
0.5710000000000002 0.0128681640625
0.5720000000000002 0.002068359375
0.5730000000000002 0.0057470703125
0.5740000000000002 0.0060859375
0.5750000000000002 0.00438671875
0.5760000000000002 0.002998046875
0.5770000000000002 5.2734375e-05
0.5780000000000002 0.00448828125
0.5790000000000002 0.007490234375
0.5800000000000002 0.00098046875
0.5810000000000002 0.0051328125
0.5820000000000002 0.005154296875
0.5830000000000002 0.007068359375
0.5840000000000002 0.0106552734375
0.5850000000000002 0.008923828125
0.5860000000000002 0.009779296875
0.5870000000000002 0.0006689453125
0.5880000000000002 0.0140068359375
0.5890000000000002 0.0054375
0.5900000000000002 0.0016953125
0.5910000000000002 0.0079140625
0.5920000000000002 0.0158681640625
0.5930000000000002 0.007134765625
0.5940000000000002 0.0041865234375
0.5950000000000002 0.0013115234375
0.5960000000000002 0.0086884765625
0.5970000000000002 0.0128408203125
0.5980000000000002 0.009787109375
0.5990000000000002 0.0041181640625
0.6000000000000002 0.0202109375
0.6010000000000002 0.0014775390625
0.6020000000000002 0.0064033203125
0.6030000000000002 0.002845703125
0.6040000000000002 0.00797265625
0.6050000000000002 0.0080810546875
0.6060000000000002 0.01738671875
0.6070000000000002 0.0017294921875
0.6080000000000002 0.0077314453125
0.6090000000000002 0.0060087890625
0.6100000000000002 0.006958984375
0.6110000000000002 0.0120615234375
0.6120000000000002 0.0049765625
0.6130000000000002 0.0072265625
0.6140000000000002 0.01552734375
0.6150000000000002 0.00280859375
0.6160000000000002 0.0148271484375
0.6170000000000002 0.0153671875
0.6180000000000002 0.0228271484375
0.6190000000000002 0.00926953125
0.6200000000000002 0.016765625
0.6210000000000002 0.005595703125
0.6220000000000002 0.0046845703125
0.6230000000000002 0.000828125
0.6240000000000002 0.0043818359375
0.6250000000000002 0.00287109375
0.6260000000000002 0.0119384765625
0.6270000000000002 0.0117373046875
0.6280000000000002 0.0030986328125
0.6290000000000002 0.0114921875
0.6300000000000002 0.002556640625
0.6310000000000002 0.0061025390625
0.6320000000000002 0.008828125
0.6330000000000002 0.001994140625
0.6340000000000002 0.015474609375
0.6350000000000002 0.0083515625
0.6360000000000002 0.003806640625
0.6370000000000002 0.00449609375
0.6380000000000002 0.0355185546875
0.6390000000000002 0.0455
0.6400000000000002 0.01725390625
0.6410000000000002 0.0071796875
0.6420000000000002 0.021318359375
0.6430000000000002 0.03541015625
0.6440000000000002 0.0640302734375
0.6450000000000002 0.0313447265625
0.6460000000000002 0.015353515625
0.6470000000000002 0.0074755859375
0.6480000000000002 0.004625
0.6490000000000002 0.015037109375
0.6500000000000002 0.0421142578125
0.6510000000000002 0.0267998046875
0.6520000000000002 0.001419921875
0.6530000000000002 0.0198134765625
0.6540000000000002 0.000134765625
0.6550000000000002 0.004130859375
0.6560000000000002 0.014642578125
0.6570000000000003 0.038107421875
0.6580000000000003 0.0390068359375
0.6590000000000003 0.0381826171875
0.6600000000000003 0.016890625
0.6610000000000003 0.004619140625
0.6620000000000003 0.0380625
0.6630000000000003 0.018505859375
0.6640000000000003 0.056078125
0.6650000000000003 0.0642421875
0.6660000000000003 0.0324072265625
0.6670000000000003 0.000791015625
0.6680000000000003 0.00839453125
0.6690000000000003 0.011173828125
0.6700000000000003 0.03370703125
0.6710000000000003 0.0423857421875
0.6720000000000003 0.0033125
0.6730000000000003 0.016845703125
0.6740000000000003 0.054365234375
0.6750000000000003 0.071607421875
0.6760000000000003 0.0113603515625
0.6770000000000003 0.0744072265625
0.6780000000000003 0.0069326171875
0.6790000000000003 0.0344775390625
0.6800000000000003 0.0102119140625
0.6810000000000003 0.066568359375
0.6820000000000003 0.0171044921875
0.6830000000000003 0.00498046875
0.6840000000000003 0.0076357421875
0.6850000000000003 0.0149375
0.6860000000000003 0.0015205078125
0.6870000000000003 0.0745849609375
0.6880000000000003 0.0022119140625
0.6890000000000003 0.07991015625
0.6900000000000003 0.0059521484375
0.6910000000000003 0.074265625
0.6920000000000003 0.09909375
0.6930000000000003 0.0171435546875
0.6940000000000003 0.126010742187
0.6950000000000003 0.052888671875
0.6960000000000003 0.0348681640625
0.6970000000000003 0.039830078125
0.6980000000000003 0.0901943359375
0.6990000000000003 0.014228515625
0.7000000000000003 0.021623046875
0.7010000000000003 0.039046875
0.7020000000000003 0.0064228515625
0.7030000000000003 0.053791015625
0.7040000000000003 0.002841796875
0.7050000000000003 0.002376953125
0.7060000000000003 0.00054296875
0.7070000000000003 0.03066015625
0.7080000000000003 0.156424804688
0.7090000000000003 0.0199755859375
0.7100000000000003 0.0324775390625
0.7110000000000003 0.14287890625
0.7120000000000003 0.19305859375
0.7130000000000003 0.0281494140625
0.7140000000000003 0.0773447265625
0.7150000000000003 0.007890625
0.7160000000000003 0.0943037109375
0.7170000000000003 0.1357421875
0.7180000000000003 0.130549804687
0.7190000000000003 0.2456328125
0.7200000000000003 0.0113427734375
0.7210000000000003 0.1907734375
0.7220000000000003 0.0700537109375
0.7230000000000003 0.022015625
0.7240000000000003 0.135627929688
0.7250000000000003 0.195134765625
0.7260000000000003 0.02184375
0.7270000000000003 0.188849609375
0.7280000000000003 0.119459960937
0.7290000000000003 0.028234375
0.7300000000000003 0.0750185546875
0.7310000000000003 0.078890625
0.7320000000000003 0.274883789062
0.7330000000000003 0.0662763671875
0.7340000000000003 0.221381835937
0.7350000000000003 0.245689453125
0.7360000000000003 0.329021484375
0.7370000000000003 0.0772919921875
0.7380000000000003 0.131120117187
0.7390000000000003 0.06619921875
0.7400000000000003 0.403080078125
0.7410000000000003 0.32765234375
0.7420000000000003 0.0968125
0.7430000000000003 0.00323828125
0.7440000000000003 0.10355078125
0.7450000000000003 0.0184111328125
0.7460000000000003 0.179705078125
0.7470000000000003 0.0505849609375
0.7480000000000003 0.0746123046875
0.7490000000000003 0.0354267578125
0.7500000000000003 0.347249023438
0.7510000000000003 0.09221875
0.7520000000000003 0.297508789063
0.7530000000000003 0.112387695312
0.7540000000000003 0.302857421875
0.7550000000000003 0.248515625
0.7560000000000003 0.351504882812
0.7570000000000003 0.458091796875
0.7580000000000003 0.400852539063
0.7590000000000003 0.234825195313
0.7600000000000003 0.116818359375
0.7610000000000003 0.5933984375
0.7620000000000003 0.122798828125
0.7630000000000003 0.563571289062
0.7640000000000003 0.332663085937
0.7650000000000003 0.3189765625
0.7660000000000003 0.367926757813
0.7670000000000003 0.143456054688
0.7680000000000003 0.242821289063
0.7690000000000003 0.417032226562
0.7700000000000004 0.378822265625
0.7710000000000004 0.365688476562
0.7720000000000004 0.73171875
0.7730000000000004 0.336647460937
0.7740000000000004 0.8681171875
0.7750000000000004 0.338323242187
0.7760000000000004 0.167633789063
0.7770000000000004 0.708749023438
0.7780000000000004 0.0231396484375
0.7790000000000004 0.207787109375
0.7800000000000004 0.290081054688
0.7810000000000004 0.336370117187
0.7820000000000004 0.355932617188
0.7830000000000004 0.0889619140625
0.7840000000000004 0.902677734375
0.7850000000000004 0.0983017578125
0.7860000000000004 0.628194335937
0.7870000000000004 0.899673828125
0.7880000000000004 0.576650390625
0.7890000000000004 0.25489453125
0.7900000000000004 0.0170302734375
0.7910000000000004 0.905005859375
0.7920000000000004 0.508654296875
0.7930000000000004 0.263900390625
0.7940000000000004 0.151338867188
0.7950000000000004 0.908323242188
0.7960000000000004 0.90357421875
0.7970000000000004 0.908572265625
0.7980000000000004 0.903680664063
0.7990000000000004 0.014353515625
0.8000000000000004 0.916119140625
0.8010000000000004 0.915493164063
0.8020000000000004 0.59250390625
0.8030000000000004 0.349168945312
0.8040000000000004 0.92159765625
0.8050000000000004 0.921215820313
0.8060000000000004 0.921306640625
0.8070000000000004 0.399243164062
0.8080000000000004 0.793287109375
0.8090000000000004 0.92587109375
0.8100000000000004 0.92873828125
0.8110000000000004 0.928530273438
0.8120000000000004 0.927055664062
0.8130000000000004 0.927661132812
0.8140000000000004 0.930442382813
0.8150000000000004 0.173641601562
0.8160000000000004 0.93149609375
0.8170000000000004 0.867768554688
0.8180000000000004 0.933229492187
0.8190000000000004 0.94008984375
0.8200000000000004 0.93628515625
0.8210000000000004 0.35087109375
0.8220000000000004 0.938450195312
0.8230000000000004 0.940224609375
0.8240000000000004 0.936967773438
0.8250000000000004 0.941725585937
0.8260000000000004 0.086662109375
0.8270000000000004 0.938364257812
0.8280000000000004 0.284352539063
0.8290000000000004 0.938828125
0.8300000000000004 0.9452734375
0.8310000000000004 0.0008349609375
0.8320000000000004 0.942171875
0.8330000000000004 0.945956054687
0.8340000000000004 0.945947265625
0.8350000000000004 0.705431640625
0.8360000000000004 0.947532226563
0.8370000000000004 0.946208007813
0.8380000000000004 0.949618164062
0.8390000000000004 0.946572265625
0.8400000000000004 0.954255859375
0.8410000000000004 0.9518828125
0.8420000000000004 0.951529296875
0.8430000000000004 0.9516015625
0.8440000000000004 0.950553710937
0.8450000000000004 0.952137695313
0.8460000000000004 0.951704101562
0.8470000000000004 0.953438476563
0.8480000000000004 0.954794921875
0.8490000000000004 0.95482421875
0.8500000000000004 0.955251953125
0.8510000000000004 0.95490625
0.8520000000000004 0.955229492187
0.8530000000000004 0.956155273437
0.8540000000000004 0.956190429688
0.8550000000000004 0.957211914062
0.8560000000000004 0.956262695312
0.8570000000000004 0.960623046875
0.8580000000000004 0.958891601562
0.8590000000000004 0.961396484375
0.8600000000000004 0.960677734375
0.8610000000000004 0.960842773438
0.8620000000000004 0.962603515625
0.8630000000000004 0.96185546875
0.8640000000000004 0.9626015625
0.8650000000000004 0.96226171875
0.8660000000000004 0.963189453125
0.8670000000000004 0.962985351562
0.8680000000000004 0.964469726562
0.8690000000000004 0.964884765625
0.8700000000000004 0.965401367188
0.8710000000000004 0.966025390625
0.8720000000000004 0.965681640625
0.8730000000000004 0.965877929687
0.8740000000000004 0.966248046875
0.8750000000000004 0.967157226563
0.8760000000000004 0.966928710937
0.8770000000000004 0.964958984375
0.8780000000000004 0.965731445312
0.8790000000000004 0.968778320312
0.8800000000000004 0.967638671875
0.8810000000000004 0.967876953125
0.8820000000000005 0.968936523438
0.8830000000000005 0.96987890625
0.8840000000000005 0.967609375
0.8850000000000005 0.9687890625
0.8860000000000005 0.969470703125
0.8870000000000005 0.969818359375
0.8880000000000005 0.969762695313
0.8890000000000005 0.970016601563
0.8900000000000005 0.96945703125
0.8910000000000005 0.97221875
0.8920000000000005 0.971608398438
0.8930000000000005 0.971287109375
0.8940000000000005 0.973028320312
0.8950000000000005 0.9737109375
0.8960000000000005 0.972094726562
0.8970000000000005 0.973099609375
0.8980000000000005 0.974038085937
0.8990000000000005 0.97372265625
0.9000000000000005 0.97322712214
