0.3 0.0
0.301 0.932958001709
0.302 0.923726319336
0.303 0.9148736875
0.304 0.972517553711
0.305 0.949635933594
0.306 0.949495214844
0.307 0.964421397461
0.308 1.00235492554
0.309 0.958773121094
0.31 1.00948558984
0.311 0.996701884521
0.312 0.957499091553
0.313 0.995260241943
0.314 0.975311159912
0.315 1.01390270996
0.316 1.0125205564
0.317 1.04762827734
0.318 1.00565777124
0.319 0.996293765625
0.32 1.01794213257
0.321 1.04650388452
0.322 1.04825316772
0.323 1.05756290991
0.324 1.02437328491
0.325 1.02161957397
0.326 1.03030038184
0.327 1.0350382334
0.328 1.08463271875
0.329 1.06599042871
0.33 1.05687082007
0.331 1.03829663965
0.332 1.10390715234
0.333 1.09731364233
0.334 1.11630772559
0.335 1.13136390527
0.336 1.10818256934
0.337 1.13179662476
0.338 1.10772577515
0.339 1.10640475
0.34 1.1500814939
0.341 1.12977880249
0.342 1.10754329858
0.343 1.17660217749
0.34400000000000003 1.12878244897
0.34500000000000003 1.20485717188
0.34600000000000003 1.14581619116
0.34700000000000003 1.19965749609
0.34800000000000003 1.14987147241
0.34900000000000003 1.17165207788
0.35000000000000003 1.13951367188
0.35100000000000003 1.1734286709
0.35200000000000004 1.19073108984
0.35300000000000004 1.17062828101
0.35400000000000004 1.18957260132
0.35500000000000004 1.17047341309
0.35600000000000004 1.18067548438
0.35700000000000004 1.23165879663
0.35800000000000004 1.16316381226
0.35900000000000004 1.23059431616
0.36000000000000004 1.18713020288
0.36100000000000004 1.19057201563
0.36200000000000004 1.22849717188
0.36300000000000004 1.24336620996
0.36400000000000005 1.21088121484
0.36500000000000005 1.28575202734
0.36600000000000005 1.25765647559
0.36700000000000005 1.25684955444
0.36800000000000005 1.28516359277
0.36900000000000005 1.30765934351
0.37000000000000005 1.29418248022
0.37100000000000005 1.27968807397
0.37200000000000005 1.28575292358
0.37300000000000005 1.35954558569
0.37400000000000005 1.34797870483
0.37500000000000006 1.28741762109
0.37600000000000006 1.31936470679
0.37700000000000006 1.30328829858
0.37800000000000006 1.38861782202
0.37900000000000006 1.32487281152
0.38000000000000006 1.32462763062
0.38100000000000006 1.32283515015
0.38200000000000006 1.34196113184
0.38300000000000006 1.34060328101
0.38400000000000006 1.37422244897
0.38500000000000006 1.40112381616
0.38600000000000007 1.33399366968
0.38700000000000007 1.39809822046
0.38800000000000007 1.38859665527
0.38900000000000007 1.40459956152
0.39000000000000007 1.47484542871
0.39100000000000007 1.37571755371
0.39200000000000007 1.46366781616
0.39300000000000007 1.39888961694
0.3940000000000001 1.43162973413
0.3950000000000001 1.52300590234
0.3960000000000001 1.44798831934
0.3970000000000001 1.44430020288
0.3980000000000001 1.50078259277
0.3990000000000001 1.42891112402
0.4000000000000001 1.49082734155
0.4010000000000001 1.45082593359
0.4020000000000001 1.47737790527
0.4030000000000001 1.52933150171
0.4040000000000001 1.52846457007
0.4050000000000001 1.4665074375
0.4060000000000001 1.4943593689
0.4070000000000001 1.52201680444
0.4080000000000001 1.51808373437
0.4090000000000001 1.54450307397
0.4100000000000001 1.50535446069
0.4110000000000001 1.53496434937
0.4120000000000001 1.59018402124
0.4130000000000001 1.58865585938
0.4140000000000001 1.51539818726
0.4150000000000001 1.57313466577
0.4160000000000001 1.58497889746
0.4170000000000001 1.64698629663
0.4180000000000001 1.57069982813
0.4190000000000001 1.65999519434
0.4200000000000001 1.65876317358
0.4210000000000001 1.69511222559
0.4220000000000001 1.63565718359
0.4230000000000001 1.62044073218
0.4240000000000001 1.68231503809
0.4250000000000001 1.74452853491
0.4260000000000001 1.758584375
0.4270000000000001 1.72227225
0.4280000000000001 1.72250054468
0.4290000000000001 1.74163688452
0.4300000000000001 1.72864921777
0.4310000000000001 1.74395993921
0.4320000000000001 1.80582827246
0.4330000000000001 1.76842498022
0.4340000000000001 1.75042455835
0.4350000000000001 1.76754302515
0.4360000000000001 1.76125946069
0.4370000000000001 1.92315927734
0.4380000000000001 1.92712730859
0.4390000000000001 1.83155444434
0.4400000000000001 1.88160512109
0.4410000000000001 1.83243843652
0.4420000000000001 1.8888043064
0.4430000000000001 1.83327978125
0.4440000000000001 1.90701545996
0.4450000000000001 1.82875276343
0.4460000000000001 1.88551016577
0.4470000000000001 1.87494605371
0.4480000000000001 1.86377349585
0.4490000000000001 1.92808430444
0.4500000000000001 1.9896105896
0.4510000000000001 1.93087626733
0.4520000000000001 1.91483583984
0.4530000000000001 1.97043387109
0.4540000000000001 1.97940869116
0.4550000000000001 2.04126483496
0.4560000000000001 2.07688007788
0.45700000000000013 2.0584569834
0.45800000000000013 2.03267514038
0.45900000000000013 2.08912290796
0.46000000000000013 2.12059606934
0.46100000000000013 2.1087574314
0.46200000000000013 2.02445995483
0.46300000000000013 2.15573387109
0.46400000000000013 2.10316732812
0.46500000000000014 2.07850365015
0.46600000000000014 2.1153815603
0.46700000000000014 2.16534460718
0.46800000000000014 2.16738356934
0.46900000000000014 2.17850999609
0.47000000000000014 2.171014
0.47100000000000014 2.27924856421
0.47200000000000014 2.18799124609
0.47300000000000014 2.16358688965
0.47400000000000014 2.19263782812
0.47500000000000014 2.27651762109
0.47600000000000015 2.26333140234
0.47700000000000015 2.32529356421
0.47800000000000015 2.32200731226
0.47900000000000015 2.30983406226
0.48000000000000015 2.38500632788
0.48100000000000015 2.32635375952
0.48200000000000015 2.4506436521
0.48300000000000015 2.46910945093
0.48400000000000015 2.31578112085
0.48500000000000015 2.36695809937
0.48600000000000015 2.48255320093
0.48700000000000015 2.42580724585
0.48800000000000016 2.50193364038
0.48900000000000016 2.53162784937
0.49000000000000016 2.46449709741
0.49100000000000016 2.56896190796
0.49200000000000016 2.57240324194
0.49300000000000016 2.52592396875
0.49400000000000016 2.59348083496
0.49500000000000016 2.59424226538
0.49600000000000016 2.53114093359
0.49700000000000016 2.72254253809
0.49800000000000016 2.69304858984
0.49900000000000017 2.63887564429
0.5000000000000001 2.63807843652
0.5010000000000001 2.78977013647
0.5020000000000001 2.64814393652
0.5030000000000001 2.80558034277
0.5040000000000001 2.75714779272
0.5050000000000001 2.80549865625
0.5060000000000001 2.79112906226
0.5070000000000001 2.91520603027
0.5080000000000001 2.8188251709
0.5090000000000001 2.77171652124
0.5100000000000001 2.89041733496
0.5110000000000001 2.84405128882
0.5120000000000001 3.09485683984
0.5130000000000001 2.90058999609
0.5140000000000001 3.07747543726
0.5150000000000001 3.07864465234
0.5160000000000001 2.91550454687
0.5170000000000001 2.98981228027
0.5180000000000001 3.16542801733
0.5190000000000001 3.03629050684
0.5200000000000001 3.12384570312
0.5210000000000001 3.13636526465
0.5220000000000001 3.31007879663
0.5230000000000001 3.19364279688
0.5240000000000001 3.22235588965
0.5250000000000001 3.33357614746
0.5260000000000001 3.21235458984
0.5270000000000001 3.31986888647
0.5280000000000001 3.37289988184
0.5290000000000001 3.48894382593
0.5300000000000001 3.36993556616
0.5310000000000001 3.29217409937
0.5320000000000001 3.54262021484
0.5330000000000001 3.49405038965
0.5340000000000001 3.45667643652
0.5350000000000001 3.42252519507
0.5360000000000001 3.498687125
0.5370000000000001 3.58743825171
0.5380000000000001 3.67587493921
0.5390000000000001 3.56774130859
0.5400000000000001 3.64843552246
0.5410000000000001 3.64127021875
0.5420000000000001 3.97394159155
0.5430000000000001 3.84488146875
0.5440000000000002 3.77266794702
0.5450000000000002 3.85943282983
0.5460000000000002 3.9872469375
0.5470000000000002 3.8153173584
0.5480000000000002 3.76121428491
0.5490000000000002 3.79408393335
0.5500000000000002 4.00429296777
0.5510000000000002 3.75846307983
0.5520000000000002 4.20201750952
0.5530000000000002 4.27026682715
0.5540000000000002 4.16854963965
0.5550000000000002 4.18947680054
0.5560000000000002 3.81089980371
0.5570000000000002 4.12884543726
0.5580000000000002 4.15161251733
0.5590000000000002 4.45478783569
0.5600000000000002 4.37299765625
0.5610000000000002 4.60403472437
0.5620000000000002 4.52742550562
0.5630000000000002 4.74515733496
0.5640000000000002 4.7344157959
0.5650000000000002 4.97959091187
0.5660000000000002 4.67419920313
0.5670000000000002 4.56008201562
0.5680000000000002 4.91474162866
0.5690000000000002 4.82258015601
0.5700000000000002 4.95648813257
0.5710000000000002 4.66650873413
0.5720000000000002 5.04235915527
0.5730000000000002 4.80167597046
0.5740000000000002 5.06441100684
0.5750000000000002 4.81159026465
0.5760000000000002 4.86174498437
0.5770000000000002 5.27675065527
0.5780000000000002 5.26455224609
0.5790000000000002 5.11252966309
0.5800000000000002 5.44911406152
0.5810000000000002 5.12184795313
0.5820000000000002 5.52243532715
0.5830000000000002 5.41914530859
0.5840000000000002 5.50699021265
0.5850000000000002 5.66075532813
0.5860000000000002 5.40214485938
0.5870000000000002 5.81632360327
0.5880000000000002 6.13259050562
0.5890000000000002 5.6821221084
0.5900000000000002 5.72834235938
0.5910000000000002 5.79413865625
0.5920000000000002 6.24064141577
0.5930000000000002 5.60160737402
0.5940000000000002 6.15744901343
0.5950000000000002 6.28345280249
0.5960000000000002 6.11683325952
0.5970000000000002 6.13867563257
0.5980000000000002 6.4553881875
0.5990000000000002 6.41063875757
0.6000000000000002 6.43494324609
0.6010000000000002 6.66840570288
0.6020000000000002 6.76227066382
0.6030000000000002 6.50670615234
0.6040000000000002 6.93073740234
0.6050000000000002 6.47843117163
0.6060000000000002 7.39189170996
0.6070000000000002 6.89644237671
0.6080000000000002 7.37719711694
0.6090000000000002 7.78688852319
0.6100000000000002 7.38683827734
0.6110000000000002 7.65519452515
0.6120000000000002 7.45654196777
0.6130000000000002 7.71902096777
0.6140000000000002 7.9108986709
0.6150000000000002 7.69317346777
0.6160000000000002 7.91075310327
0.6170000000000002 8.15697819434
0.6180000000000002 7.48176131812
0.6190000000000002 8.40729303809
0.6200000000000002 7.89743978125
0.6210000000000002 7.79403859277
0.6220000000000002 8.92914232788
0.6230000000000002 8.43178214746
0.6240000000000002 8.87613677515
0.6250000000000002 8.8537188125
0.6260000000000002 8.98642444312
0.6270000000000002 8.57077859351
0.6280000000000002 9.21534293726
0.6290000000000002 8.65185302734
0.6300000000000002 10.131239125
0.6310000000000002 8.7901769314
0.6320000000000002 9.70900217871
0.6330000000000002 9.73599453125
0.6340000000000002 9.60942143652
0.6350000000000002 9.92978076562
0.6360000000000002 10.1988318906
0.6370000000000002 9.44283696875
0.6380000000000002 10.1522236501
0.6390000000000002 10.2103124023
0.6400000000000002 11.3950376719
0.6410000000000002 10.6497706406
0.6420000000000002 11.0593221836
0.6430000000000002 11.4337416562
0.6440000000000002 10.9369943728
0.6450000000000002 11.3517727732
0.6460000000000002 11.8693816162
0.6470000000000002 12.1651575388
0.6480000000000002 12.7049257773
0.6490000000000002 11.9694360586
0.6500000000000002 12.0627806248
0.6510000000000002 12.2792037107
0.6520000000000002 12.0892287148
0.6530000000000002 13.030066199
0.6540000000000002 12.6785200693
0.6550000000000002 13.1066896475
0.6560000000000002 12.8573185
0.6570000000000003 12.5590506836
0.6580000000000003 13.4442134353
0.6590000000000003 13.3396049021
0.6600000000000003 14.0122640928
0.6610000000000003 13.7382928086
0.6620000000000003 13.414497499
0.6630000000000003 13.7330113281
0.6640000000000003 14.6524724961
0.6650000000000003 13.9573858398
0.6660000000000003 14.4443955759
0.6670000000000003 14.5572708975
0.6680000000000003 14.7951366211
0.6690000000000003 14.0216644961
0.6700000000000003 13.6618480312
0.6710000000000003 15.685321033
0.6720000000000003 15.4568552188
0.6730000000000003 14.8454024209
0.6740000000000003 14.4759092773
0.6750000000000003 15.9570148398
0.6760000000000003 15.4899371775
0.6770000000000003 15.928541406
0.6780000000000003 15.7870565603
0.6790000000000003 16.4466675779
0.6800000000000003 15.7349455017
0.6810000000000003 17.0682845303
0.6820000000000003 16.2436140818
0.6830000000000003 15.8703882969
0.6840000000000003 16.0761935427
0.6850000000000003 16.6964531406
0.6860000000000003 16.0819997751
0.6870000000000003 15.8341110779
0.6880000000000003 17.2523823044
0.6890000000000003 17.5168459756
0.6900000000000003 16.1146989197
0.6910000000000003 17.5659581162
0.6920000000000003 17.2190008584
0.6930000000000003 17.4972041794
0.6940000000000003 17.1849422166
0.6950000000000003 17.5328153115
0.6960000000000003 17.3680192322
0.6970000000000003 16.5779426943
0.6980000000000003 18.1798253494
0.6990000000000003 17.5522064053
0.7000000000000003 17.1712291318
0.7010000000000003 18.7276599131
0.7020000000000003 17.300700615
0.7030000000000003 17.9143454834
0.7040000000000003 17.5167979287
0.7050000000000003 17.3376491943
0.7060000000000003 17.2956194375
0.7070000000000003 18.5535338125
0.7080000000000003 16.3567494119
0.7090000000000003 16.4850727478
0.7100000000000003 15.531014783
0.7110000000000003 15.3108993896
0.7120000000000003 15.8299752725
0.7130000000000003 15.7260166892
0.7140000000000003 15.5844747986
0.7150000000000003 17.0912200381
0.7160000000000003 15.14854374
0.7170000000000003 17.3997894531
0.7180000000000003 14.2384379822
0.7190000000000003 15.2814097813
0.7200000000000003 14.5953087185
0.7210000000000003 15.0452988975
0.7220000000000003 15.2140131521
0.7230000000000003 16.1433824062
0.7240000000000003 14.0931918337
0.7250000000000003 15.5782874131
0.7260000000000003 15.0973200771
0.7270000000000003 13.3277731406
0.7280000000000003 13.0493726853
0.7290000000000003 15.7298259521
0.7300000000000003 15.0946357791
0.7310000000000003 13.0113570312
0.7320000000000003 13.2752189353
0.7330000000000003 11.4534022537
0.7340000000000003 11.7314358591
0.7350000000000003 12.0576848428
0.7360000000000003 10.7127113711
0.7370000000000003 11.6229925857
0.7380000000000003 11.6117733279
0.7390000000000003 12.1896019443
0.7400000000000003 10.2948312656
0.7410000000000003 9.71618659277
0.7420000000000003 11.3905798037
0.7430000000000003 10.3678947646
0.7440000000000003 7.55176593359
0.7450000000000003 9.90380807593
0.7460000000000003 8.56832702734
0.7470000000000003 9.63502507593
0.7480000000000003 11.6530378904
0.7490000000000003 9.59022059351
0.7500000000000003 7.35122959741
0.7510000000000003 9.60262710059
0.7520000000000003 9.30962069312
0.7530000000000003 10.063600824
0.7540000000000003 9.84926334375
0.7550000000000003 9.61925108496
0.7560000000000003 5.79129326929
0.7570000000000003 8.08543063965
0.7580000000000003 6.33872986108
0.7590000000000003 6.97339754663
0.7600000000000003 7.89007358496
0.7610000000000003 7.00518652734
0.7620000000000003 6.6500950625
0.7630000000000003 5.44339784155
0.7640000000000003 7.89899724585
0.7650000000000003 4.61850018652
0.7660000000000003 6.19626931616
0.7670000000000003 4.61167977515
0.7680000000000003 6.30540898218
0.7690000000000003 4.99356029663
0.7700000000000004 3.9217083584
0.7710000000000004 4.82091015015
0.7720000000000004 5.2837715
0.7730000000000004 5.03610491187
0.7740000000000004 3.41377720312
0.7750000000000004 4.09777537085
0.7760000000000004 4.60683773804
0.7770000000000004 4.32856704077
0.7780000000000004 2.79062416968
0.7790000000000004 3.98334733496
0.7800000000000004 4.05325513452
0.7810000000000004 4.18070104272
0.7820000000000004 3.58082201538
0.7830000000000004 2.99762890405
0.7840000000000004 2.29989402246
0.7850000000000004 4.1596496521
0.7860000000000004 3.1802984939
0.7870000000000004 2.1723391709
0.7880000000000004 3.21101405859
0.7890000000000004 2.29027199609
0.7900000000000004 3.19198554077
0.7910000000000004 2.09331858496
0.7920000000000004 2.31997634277
0.7930000000000004 4.25996009375
0.7940000000000004 2.7519477478
0.7950000000000004 2.06141329858
0.7960000000000004 1.96630777734
0.7970000000000004 2.01522097559
0.7980000000000004 2.17818988647
0.7990000000000004 2.16283690527
0.8000000000000004 1.83620624121
0.8010000000000004 2.12829142358
0.8020000000000004 2.06021169434
0.8030000000000004 1.46857636499
0.8040000000000004 1.51708968359
0.8050000000000004 1.94110012476
0.8060000000000004 1.59385089746
0.8070000000000004 1.59695303687
0.8080000000000004 1.78463735938
0.8090000000000004 1.22920105859
0.8100000000000004 1.28758574609
0.8110000000000004 1.26101849976
0.8120000000000004 1.67045686499
0.8130000000000004 1.57142462671
0.8140000000000004 1.09365685327
0.8150000000000004 1.13550481421
0.8160000000000004 1.21702199609
0.8170000000000004 1.16509483374
0.8180000000000004 1.3954486521
0.8190000000000004 0.833052464844
0.8200000000000004 0.933922964844
0.8210000000000004 1.33498772559
0.8220000000000004 0.869923161865
0.8230000000000004 0.944443334961
0.8240000000000004 1.31914800757
0.8250000000000004 0.706567644287
0.8260000000000004 1.4474470459
0.8270000000000004 1.51263842163
0.8280000000000004 0.933995417725
0.8290000000000004 1.28643418359
0.8300000000000004 0.689983984375
0.8310000000000004 1.11052129663
0.8320000000000004 1.27296406152
0.8330000000000004 0.69463420874
0.8340000000000004 0.753185913086
0.8350000000000004 0.994373741211
0.8360000000000004 0.914635124756
0.8370000000000004 0.843827907959
0.8380000000000004 0.621693534912
0.8390000000000004 0.829371069336
0.8400000000000004 0.407614022461
0.8410000000000004 0.498124515625
0.8420000000000004 0.557008311523
0.8430000000000004 0.579597265625
0.8440000000000004 1.06249782007
0.8450000000000004 0.576963349365
0.8460000000000004 0.773813226318
0.8470000000000004 0.552097890381
0.8480000000000004 0.529938452148
0.8490000000000004 0.576850683594
0.8500000000000004 0.594599686523
0.8510000000000004 0.60867603125
0.8520000000000004 0.642239251709
0.8530000000000004 0.681998874756
0.8540000000000004 0.599092450928
0.8550000000000004 0.582393988037
0.8560000000000004 0.540493318115
0.8570000000000004 0.378279374023
0.8580000000000004 0.413512445068
0.8590000000000004 0.348754663086
0.8600000000000004 0.531553038086
0.8610000000000004 0.379257468506
0.8620000000000004 0.434590225586
0.8630000000000004 0.409803808594
0.8640000000000004 0.400935640625
0.8650000000000004 0.321054996094
0.8660000000000004 0.451084561523
0.8670000000000004 0.344557273193
0.8680000000000004 0.320542312256
0.8690000000000004 0.311956600586
0.8700000000000004 0.312314931396
0.8710000000000004 0.262181616211
0.8720000000000004 0.304289022461
0.8730000000000004 0.357105107178
0.8740000000000004 0.318366249023
0.8750000000000004 0.273125937256
0.8760000000000004 0.2659965271
0.8770000000000004 0.422781756836
0.8780000000000004 0.37268498999
0.8790000000000004 0.251169716553
0.8800000000000004 0.322191639648
0.8810000000000004 0.275472842773
0.8820000000000005 0.298496952881
0.8830000000000005 0.237814371094
0.8840000000000005 0.34538959375
0.8850000000000005 0.319273046875
0.8860000000000005 0.262546717773
0.8870000000000005 0.274196084961
0.8880000000000005 0.262008943115
0.8890000000000005 0.302626413818
0.8900000000000005 0.334149371094
0.8910000000000005 0.203872875
0.8920000000000005 0.232261882568
0.8930000000000005 0.219199803711
0.8940000000000005 0.197769247803
0.8950000000000005 0.179644921875
0.8960000000000005 0.224997406006
0.8970000000000005 0.232766084961
0.8980000000000005 0.179847113037
0.8990000000000005 0.191251839844
0.9000000000000005 0.21392330219
