0.3 0.0
0.301 0.0971425311481
0.302 0.0981774197554
0.303 0.09978689868
0.304 0.0981639843521
0.305 0.0993242338052
0.306 0.0996938715009
0.307 0.104428958002
0.308 0.101295149374
0.309 0.106622819071
0.31 0.10513112709
0.311 0.102052275216
0.312 0.1076188767
0.313 0.109370976342
0.314 0.107440744896
0.315 0.109074216623
0.316 0.109439475167
0.317 0.114860572716
0.318 0.108138724029
0.319 0.110780573244
0.32 0.11075583624
0.321 0.114049236051
0.322 0.1148450176
0.323 0.113369778404
0.324 0.113603649621
0.325 0.115968084549
0.326 0.118458684283
0.327 0.118793929686
0.328 0.118813534788
0.329 0.12054541479
0.33 0.120735533688
0.331 0.122200342526
0.332 0.120275856612
0.333 0.119179529113
0.334 0.124001032934
0.335 0.126941236981
0.336 0.129201163588
0.337 0.128889791472
0.338 0.123706856954
0.339 0.128572388292
0.34 0.128060782343
0.341 0.131176460397
0.342 0.133423323872
0.343 0.130897270837
0.34400000000000003 0.132391283681
0.34500000000000003 0.129426464094
0.34600000000000003 0.135089805745
0.34700000000000003 0.137348771002
0.34800000000000003 0.138303390538
0.34900000000000003 0.141184857218
0.35000000000000003 0.140184844204
0.35100000000000003 0.135775782217
0.35200000000000004 0.136496404492
0.35300000000000004 0.143844878079
0.35400000000000004 0.144944527745
0.35500000000000004 0.14169384161
0.35600000000000004 0.146334096151
0.35700000000000004 0.145213111115
0.35800000000000004 0.146963013692
0.35900000000000004 0.149556154668
0.36000000000000004 0.148449092273
0.36100000000000004 0.148247081619
0.36200000000000004 0.153002110637
0.36300000000000004 0.14882881688
0.36400000000000005 0.151134981869
0.36500000000000005 0.154950341029
0.36600000000000005 0.15725664677
0.36700000000000005 0.154197772637
0.36800000000000005 0.156813318768
0.36900000000000005 0.158029744736
0.37000000000000005 0.15945331055
0.37100000000000005 0.160942518416
0.37200000000000005 0.158717749965
0.37300000000000005 0.163336022292
0.37400000000000005 0.161867026573
0.37500000000000006 0.169969259208
0.37600000000000006 0.161356968165
0.37700000000000006 0.165129644802
0.37800000000000006 0.167929048705
0.37900000000000006 0.167336230464
0.38000000000000006 0.172019612039
0.38100000000000006 0.169121000532
0.38200000000000006 0.174686520989
0.38300000000000006 0.174438660975
0.38400000000000006 0.178267912352
0.38500000000000006 0.173685066137
0.38600000000000007 0.176697972261
0.38700000000000007 0.179928166513
0.38800000000000007 0.177807839514
0.38900000000000007 0.183587134567
0.39000000000000007 0.17907085214
0.39100000000000007 0.185935520439
0.39200000000000007 0.187152359869
0.39300000000000007 0.182601935816
0.3940000000000001 0.188725376161
0.3950000000000001 0.192853006571
0.3960000000000001 0.19694745757
0.3970000000000001 0.190180240332
0.3980000000000001 0.194379267831
0.3990000000000001 0.188197321116
0.4000000000000001 0.206342743164
0.4010000000000001 0.200500172555
0.4020000000000001 0.198792829319
0.4030000000000001 0.198444848464
0.4040000000000001 0.20084852469
0.4050000000000001 0.191520787863
0.4060000000000001 0.200223435904
0.4070000000000001 0.208344020599
0.4080000000000001 0.204924516521
0.4090000000000001 0.212095685104
0.4100000000000001 0.210785544738
0.4110000000000001 0.204138407383
0.4120000000000001 0.205952272091
0.4130000000000001 0.214188999304
0.4140000000000001 0.210152364744
0.4150000000000001 0.214215498736
0.4160000000000001 0.214942375343
0.4170000000000001 0.220723576178
0.4180000000000001 0.217236728791
0.4190000000000001 0.217560261378
0.4200000000000001 0.223212527649
0.4210000000000001 0.232298043255
0.4220000000000001 0.226175896406
0.4230000000000001 0.223181825858
0.4240000000000001 0.225137656711
0.4250000000000001 0.238148155999
0.4260000000000001 0.22665551569
0.4270000000000001 0.236248201203
0.4280000000000001 0.240475884538
0.4290000000000001 0.230904863419
0.4300000000000001 0.236970114279
0.4310000000000001 0.23393839623
0.4320000000000001 0.24174452606
0.4330000000000001 0.24753388053
0.4340000000000001 0.242115778313
0.4350000000000001 0.247874391317
0.4360000000000001 0.245647133101
0.4370000000000001 0.250255174338
0.4380000000000001 0.249418254638
0.4390000000000001 0.254683039479
0.4400000000000001 0.256116008057
0.4410000000000001 0.254407237215
0.4420000000000001 0.264992106519
0.4430000000000001 0.255538437321
0.4440000000000001 0.262643144305
0.4450000000000001 0.268723700963
0.4460000000000001 0.261764554069
0.4470000000000001 0.259923075093
0.4480000000000001 0.267875409495
0.4490000000000001 0.275204166607
0.4500000000000001 0.27367513224
0.4510000000000001 0.272094198974
0.4520000000000001 0.275112418496
0.4530000000000001 0.284322909871
0.4540000000000001 0.283219824556
0.4550000000000001 0.281377183237
0.4560000000000001 0.282916127114
0.45700000000000013 0.283899105995
0.45800000000000013 0.29454672002
0.45900000000000013 0.292812833011
0.46000000000000013 0.29422953506
0.46100000000000013 0.295468895783
0.46200000000000013 0.295124505493
0.46300000000000013 0.307545822879
0.46400000000000013 0.309974665593
0.46500000000000014 0.315804832217
0.46600000000000014 0.302314315109
0.46700000000000014 0.303512356183
0.46800000000000014 0.310068103847
0.46900000000000014 0.310221831433
0.47000000000000014 0.310255499248
0.47100000000000014 0.3105001189
0.47200000000000014 0.309641394404
0.47300000000000014 0.328493134587
0.47400000000000014 0.334226348708
0.47500000000000014 0.325465714992
0.47600000000000015 0.322319803434
0.47700000000000015 0.32613911053
0.47800000000000015 0.330703428218
0.47900000000000015 0.326316698209
0.48000000000000015 0.3444336367
0.48100000000000015 0.339429715488
0.48200000000000015 0.338218006913
0.48300000000000015 0.335544627297
0.48400000000000015 0.343297491343
0.48500000000000015 0.347226490349
0.48600000000000015 0.351755032229
0.48700000000000015 0.350262000832
0.48800000000000016 0.344751145558
0.48900000000000016 0.356478788888
0.49000000000000016 0.365999977849
0.49100000000000016 0.363553613038
0.49200000000000016 0.374201306156
0.49300000000000016 0.363005662588
0.49400000000000016 0.370027711104
0.49500000000000016 0.363133726938
0.49600000000000016 0.376105556351
0.49700000000000016 0.380134912394
0.49800000000000016 0.377751573273
0.49900000000000017 0.374158415367
0.5000000000000001 0.389385546988
0.5010000000000001 0.396718990179
0.5020000000000001 0.393461645742
0.5030000000000001 0.398860931513
0.5040000000000001 0.400107276341
0.5050000000000001 0.401410364628
0.5060000000000001 0.398718797251
0.5070000000000001 0.415192704765
0.5080000000000001 0.405097398816
0.5090000000000001 0.403710976691
0.5100000000000001 0.41127508228
0.5110000000000001 0.430301674433
0.5120000000000001 0.427006798784
0.5130000000000001 0.421847397863
0.5140000000000001 0.432092925977
0.5150000000000001 0.435270220904
0.5160000000000001 0.447357107787
0.5170000000000001 0.444249899526
0.5180000000000001 0.451019800509
0.5190000000000001 0.451326134741
0.5200000000000001 0.448079296324
0.5210000000000001 0.444452556699
0.5220000000000001 0.458561458052
0.5230000000000001 0.462346979556
0.5240000000000001 0.434730762238
0.5250000000000001 0.470361143223
0.5260000000000001 0.465968782581
0.5270000000000001 0.474724376156
0.5280000000000001 0.480860204547
0.5290000000000001 0.487308046069
0.5300000000000001 0.480305304043
0.5310000000000001 0.490482494722
0.5320000000000001 0.484431368154
0.5330000000000001 0.482892488244
0.5340000000000001 0.498534748283
0.5350000000000001 0.489849881012
0.5360000000000001 0.503396900654
0.5370000000000001 0.499137650195
0.5380000000000001 0.500911102273
0.5390000000000001 0.504418497557
0.5400000000000001 0.506244491557
0.5410000000000001 0.535751753725
0.5420000000000001 0.505215460015
0.5430000000000001 0.524762611773
0.5440000000000002 0.557632857207
0.5450000000000002 0.549625177404
0.5460000000000002 0.540651753411
0.5470000000000002 0.555271484828
0.5480000000000002 0.550415910038
0.5490000000000002 0.544833032328
0.5500000000000002 0.527160790543
0.5510000000000002 0.56529844263
0.5520000000000002 0.576881386514
0.5530000000000002 0.556960618094
0.5540000000000002 0.565904934706
0.5550000000000002 0.581640558053
0.5560000000000002 0.564558060121
0.5570000000000002 0.599624434385
0.5580000000000002 0.594266568706
0.5590000000000002 0.590736900532
0.5600000000000002 0.610427855035
0.5610000000000002 0.618017231758
0.5620000000000002 0.578840627039
0.5630000000000002 0.588697446395
0.5640000000000002 0.614311617162
0.5650000000000002 0.63495891119
0.5660000000000002 0.637585573978
0.5670000000000002 0.634431601529
0.5680000000000002 0.64778213423
0.5690000000000002 0.629323347708
0.5700000000000002 0.665908544567
0.5710000000000002 0.666855288843
0.5720000000000002 0.663982994958
0.5730000000000002 0.652991367276
0.5740000000000002 0.666016261744
0.5750000000000002 0.663113625587
0.5760000000000002 0.659648050896
0.5770000000000002 0.683659487972
0.5780000000000002 0.723086939305
0.5790000000000002 0.673378259229
0.5800000000000002 0.713909344722
0.5810000000000002 0.714597258539
0.5820000000000002 0.694974833476
0.5830000000000002 0.693504972567
0.5840000000000002 0.740915428987
0.5850000000000002 0.724654158575
0.5860000000000002 0.744391007955
0.5870000000000002 0.717992631994
0.5880000000000002 0.738139512628
0.5890000000000002 0.766305936971
0.5900000000000002 0.748871968312
0.5910000000000002 0.769215499702
0.5920000000000002 0.78067834374
0.5930000000000002 0.802644018794
0.5940000000000002 0.775535412213
0.5950000000000002 0.843446232835
0.5960000000000002 0.821395721066
0.5970000000000002 0.809432266492
0.5980000000000002 0.805478930605
0.5990000000000002 0.808819664493
0.6000000000000002 0.844022520867
0.6010000000000002 0.797627988126
0.6020000000000002 0.854349860788
0.6030000000000002 0.859448211342
0.6040000000000002 0.855406860474
0.6050000000000002 0.890877813264
0.6060000000000002 0.877714863158
0.6070000000000002 0.864950425977
0.6080000000000002 0.884924373684
0.6090000000000002 0.915733611626
0.6100000000000002 0.914757907544
0.6110000000000002 0.887897006537
0.6120000000000002 0.881871584652
0.6130000000000002 0.925492121118
0.6140000000000002 0.911641429208
0.6150000000000002 0.945678043946
0.6160000000000002 0.95519934552
0.6170000000000002 0.981438783776
0.6180000000000002 0.976740346076
0.6190000000000002 0.968326421372
0.6200000000000002 1.01038466587
0.6210000000000002 0.999007267861
0.6220000000000002 0.97659603731
0.6230000000000002 1.0340325564
0.6240000000000002 1.06706451646
0.6250000000000002 1.01791741108
0.6260000000000002 1.0417524944
0.6270000000000002 1.08394361993
0.6280000000000002 1.10771258597
0.6290000000000002 1.15976791831
0.6300000000000002 1.08193552968
0.6310000000000002 1.16967507721
0.6320000000000002 1.10712024304
0.6330000000000002 1.11143242481
0.6340000000000002 1.13314178397
0.6350000000000002 1.09561762628
0.6360000000000002 1.1280906003
0.6370000000000002 1.13802832643
0.6380000000000002 1.17150143613
0.6390000000000002 1.15862092189
0.6400000000000002 1.2479543475
0.6410000000000002 1.21689098628
0.6420000000000002 1.18697081344
0.6430000000000002 1.25497680286
0.6440000000000002 1.23360528345
0.6450000000000002 1.25745807495
0.6460000000000002 1.26322567445
0.6470000000000002 1.2505838658
0.6480000000000002 1.33742424914
0.6490000000000002 1.2555926723
0.6500000000000002 1.31671046222
0.6510000000000002 1.33074750218
0.6520000000000002 1.35101055702
0.6530000000000002 1.39208511149
0.6540000000000002 1.38092572964
0.6550000000000002 1.40772805399
0.6560000000000002 1.2979974698
0.6570000000000003 1.50841629154
0.6580000000000003 1.49398499921
0.6590000000000003 1.53682392136
0.6600000000000003 1.52872718371
0.6610000000000003 1.58045234538
0.6620000000000003 1.41489390142
0.6630000000000003 1.58447383125
0.6640000000000003 1.58840171793
0.6650000000000003 1.53807802468
0.6660000000000003 1.62624150845
0.6670000000000003 1.7112007589
0.6680000000000003 1.74378328445
0.6690000000000003 1.72520879375
0.6700000000000003 1.74000629973
0.6710000000000003 1.81288109964
0.6720000000000003 1.72914761654
0.6730000000000003 1.74185701655
0.6740000000000003 1.91787084328
0.6750000000000003 1.80762075038
0.6760000000000003 1.80772350567
0.6770000000000003 1.89280984371
0.6780000000000003 1.86248077957
0.6790000000000003 1.93122884504
0.6800000000000003 2.18844177278
0.6810000000000003 2.14073731312
0.6820000000000003 1.89234603222
0.6830000000000003 2.00576186495
0.6840000000000003 2.01162263195
0.6850000000000003 2.19619913068
0.6860000000000003 2.3096350688
0.6870000000000003 2.09003253566
0.6880000000000003 2.35827496514
0.6890000000000003 2.3174001008
0.6900000000000003 2.42917722778
0.6910000000000003 2.52988286189
0.6920000000000003 2.7395775408
0.6930000000000003 2.36692097237
0.6940000000000003 2.63031461504
0.6950000000000003 2.65219507108
0.6960000000000003 2.92741182465
0.6970000000000003 2.56595314735
0.6980000000000003 2.72239342434
0.6990000000000003 3.10951032706
0.7000000000000003 2.86168982208
0.7010000000000003 2.97277240564
0.7020000000000003 3.14043102657
0.7030000000000003 3.11947283821
0.7040000000000003 3.06832909981
0.7050000000000003 3.29423172408
0.7060000000000003 3.41195939687
0.7070000000000003 3.53475484124
0.7080000000000003 3.82114935388
0.7090000000000003 3.66459164199
0.7100000000000003 3.92391878687
0.7110000000000003 4.07523280417
0.7120000000000003 3.53274340548
0.7130000000000003 3.86424028393
0.7140000000000003 4.23451569844
0.7150000000000003 4.19568521162
0.7160000000000003 3.7225478
0.7170000000000003 4.33811396056
0.7180000000000003 4.44062001743
0.7190000000000003 4.45985322073
0.7200000000000003 4.73416299516
0.7210000000000003 4.71515990325
0.7220000000000003 4.20701654922
0.7230000000000003 4.78980239809
0.7240000000000003 5.17994861065
0.7250000000000003 4.58743055304
0.7260000000000003 4.93717481962
0.7270000000000003 4.81578148528
0.7280000000000003 4.75881185625
0.7290000000000003 4.81413675712
0.7300000000000003 4.6657206368
0.7310000000000003 5.19903790528
0.7320000000000003 4.89437421884
0.7330000000000003 5.13014382685
0.7340000000000003 4.98947670264
0.7350000000000003 4.78121264638
0.7360000000000003 4.80539946723
0.7370000000000003 5.11842983153
0.7380000000000003 4.59119913035
0.7390000000000003 5.11394914815
0.7400000000000003 5.41663776024
0.7410000000000003 4.47516103312
0.7420000000000003 4.62535490382
0.7430000000000003 4.81633653277
0.7440000000000003 4.71139086017
0.7450000000000003 4.42098606806
0.7460000000000003 4.29009648516
0.7470000000000003 3.57386187534
0.7480000000000003 3.78903382065
0.7490000000000003 4.61108008063
0.7500000000000003 4.84086060101
0.7510000000000003 4.32703917787
0.7520000000000003 4.6542390543
0.7530000000000003 4.46419363593
0.7540000000000003 3.74390430578
0.7550000000000003 3.01733863197
0.7560000000000003 3.96806744044
0.7570000000000003 3.19060350101
0.7580000000000003 3.56138743432
0.7590000000000003 3.41693744683
0.7600000000000003 3.36688015398
0.7610000000000003 4.04980715983
0.7620000000000003 3.23415134683
0.7630000000000003 3.02227213334
0.7640000000000003 2.94358744514
0.7650000000000003 2.76347459402
0.7660000000000003 2.80791507659
0.7670000000000003 2.47970434112
0.7680000000000003 3.23151927782
0.7690000000000003 2.74102124801
0.7700000000000004 2.78865836701
0.7710000000000004 2.62422167811
0.7720000000000004 3.07324642314
0.7730000000000004 3.1114408673
0.7740000000000004 2.49545612383
0.7750000000000004 2.22261240465
0.7760000000000004 2.4510130556
0.7770000000000004 2.35251978546
0.7780000000000004 2.31982308714
0.7790000000000004 2.4635430727
0.7800000000000004 2.20775045631
0.7810000000000004 1.86748202019
0.7820000000000004 2.26333956526
0.7830000000000004 2.11182417934
0.7840000000000004 1.90444153658
0.7850000000000004 2.47517771438
0.7860000000000004 1.93872099831
0.7870000000000004 2.21035884687
0.7880000000000004 1.96591948869
0.7890000000000004 1.72204147359
0.7900000000000004 1.75014065581
0.7910000000000004 1.86015647834
0.7920000000000004 1.83728209857
0.7930000000000004 1.55562973199
0.7940000000000004 1.89149631543
0.7950000000000004 1.69054431839
0.7960000000000004 1.67813641814
0.7970000000000004 1.80333524078
0.7980000000000004 1.65847962188
0.7990000000000004 1.81201436135
0.8000000000000004 1.71759203217
0.8010000000000004 1.64059929357
0.8020000000000004 1.55032460925
0.8030000000000004 1.63080145551
0.8040000000000004 1.44435663303
0.8050000000000004 1.60168449506
0.8060000000000004 1.4538088559
0.8070000000000004 1.38954332911
0.8080000000000004 1.72249253076
0.8090000000000004 1.39047719131
0.8100000000000004 1.33424203846
0.8110000000000004 1.41619858667
0.8120000000000004 1.42112172979
0.8130000000000004 1.37613595367
0.8140000000000004 1.29302371577
0.8150000000000004 1.32061573029
0.8160000000000004 1.27499381146
0.8170000000000004 1.21627480993
0.8180000000000004 1.27042778808
0.8190000000000004 1.38934535348
0.8200000000000004 1.2823818421
0.8210000000000004 1.17962155349
0.8220000000000004 1.25082500535
0.8230000000000004 1.16204899411
0.8240000000000004 1.22435539507
0.8250000000000004 1.14033395381
0.8260000000000004 1.23639821099
0.8270000000000004 1.08858200175
0.8280000000000004 1.10689866112
0.8290000000000004 1.16488240929
0.8300000000000004 1.25168505317
0.8310000000000004 1.14188226575
0.8320000000000004 1.10204788031
0.8330000000000004 1.08029836805
0.8340000000000004 1.10439546987
0.8350000000000004 1.09641699991
0.8360000000000004 1.10069580945
0.8370000000000004 0.947397586906
0.8380000000000004 1.07302767876
0.8390000000000004 1.05674477978
0.8400000000000004 1.00799198475
0.8410000000000004 1.09153158335
0.8420000000000004 0.983972822632
0.8430000000000004 0.961888447544
0.8440000000000004 1.0045071255
0.8450000000000004 0.969137036308
0.8460000000000004 0.974802735046
0.8470000000000004 0.933101530184
0.8480000000000004 0.880659828517
0.8490000000000004 0.889856610855
0.8500000000000004 0.962865109177
0.8510000000000004 0.946282671138
0.8520000000000004 0.88290280969
0.8530000000000004 0.836552326741
0.8540000000000004 0.896620158991
0.8550000000000004 0.83896739176
0.8560000000000004 0.859022443328
0.8570000000000004 0.863959725372
0.8580000000000004 0.856776174927
0.8590000000000004 0.802176670589
0.8600000000000004 0.841030582787
0.8610000000000004 0.777133091366
0.8620000000000004 0.77587057983
0.8630000000000004 0.819205151535
0.8640000000000004 0.832608753891
0.8650000000000004 0.759203745747
0.8660000000000004 0.789993090595
0.8670000000000004 0.76800112816
0.8680000000000004 0.77372136349
0.8690000000000004 0.763412096947
0.8700000000000004 0.818923346694
0.8710000000000004 0.757029903175
0.8720000000000004 0.729097074597
0.8730000000000004 0.735682434311
0.8740000000000004 0.702223659768
0.8750000000000004 0.725224601355
0.8760000000000004 0.730502575258
0.8770000000000004 0.691355884314
0.8780000000000004 0.702639711839
0.8790000000000004 0.669711723729
0.8800000000000004 0.652662533333
0.8810000000000004 0.671452855899
0.8820000000000005 0.712234545981
0.8830000000000005 0.66214241246
0.8840000000000005 0.659322424484
0.8850000000000005 0.641341919128
0.8860000000000005 0.680509870077
0.8870000000000005 0.642120611569
0.8880000000000005 0.656927291206
0.8890000000000005 0.628625744279
0.8900000000000005 0.627853832602
0.8910000000000005 0.61790275834
0.8920000000000005 0.604792299427
0.8930000000000005 0.609456088981
0.8940000000000005 0.601263879833
0.8950000000000005 0.609970988953
0.8960000000000005 0.587068532904
0.8970000000000005 0.573673633048
0.8980000000000005 0.61677396007
0.8990000000000005 0.578187207264
0.9000000000000005 0.609004977708
