0.3 0.033203125
0.301 8.10546875e-05
0.302 0.000102294921875
0.303 0.000165771484375
0.304 0.000185791015625
0.305 0.000328125
0.306 0.00079248046875
0.307 0.0008701171875
0.308 0.000990234375
0.309 0.000385498046875
0.31 0.000647705078125
0.311 0.00042919921875
0.312 0.000136474609375
0.313 0.00030078125
0.314 9.228515625e-05
0.315 0.000501220703125
0.316 0.00051904296875
0.317 0.000580322265625
0.318 0.000778564453125
0.319 0.0003662109375
0.32 1.171875e-05
0.321 0.00098583984375
0.322 0.000450439453125
0.323 0.00022119140625
0.324 0.000407470703125
0.325 0.0001904296875
0.326 0.0003935546875
0.327 0.00050927734375
0.328 0.000253173828125
0.329 0.0009287109375
0.33 0.000489013671875
0.331 0.001013671875
0.332 0.0009033203125
0.333 0.000987548828125
0.334 2.1728515625e-05
0.335 0.000180908203125
0.336 0.000198974609375
0.337 0.0002373046875
0.338 0.000447021484375
0.339 0.0001513671875
0.34 0.0003388671875
0.341 0.00130883789062
0.342 0.000747314453125
0.343 0.000362548828125
0.34400000000000003 4.1015625e-05
0.34500000000000003 0.000354736328125
0.34600000000000003 0.00114379882812
0.34700000000000003 4.4677734375e-05
0.34800000000000003 0.000218017578125
0.34900000000000003 0.000529052734375
0.35000000000000003 0.00110278320313
0.35100000000000003 8.69140625e-05
0.35200000000000004 0.000230712890625
0.35300000000000004 1.6357421875e-05
0.35400000000000004 0.00079736328125
0.35500000000000004 2.05078125e-05
0.35600000000000004 0.000174560546875
0.35700000000000004 7.568359375e-06
0.35800000000000004 0.0009423828125
0.35900000000000004 0.00047119140625
0.36000000000000004 9.2041015625e-05
0.36100000000000004 0.000228759765625
0.36200000000000004 0.000536865234375
0.36300000000000004 0.00014306640625
0.36400000000000005 0.000935302734375
0.36500000000000005 0.0005048828125
0.36600000000000005 0.000161376953125
0.36700000000000005 0.000290771484375
0.36800000000000005 0.00189624023438
0.36900000000000005 0.00105346679688
0.37000000000000005 0.00128857421875
0.37100000000000005 0.00011474609375
0.37200000000000005 0.0009658203125
0.37300000000000005 0.0001171875
0.37400000000000005 0.0005927734375
0.37500000000000006 0.00093115234375
0.37600000000000006 0.0009921875
0.37700000000000006 0.00052490234375
0.37800000000000006 0.0007666015625
0.37900000000000006 0.00050537109375
0.38000000000000006 0.000798583984375
0.38100000000000006 0.0001806640625
0.38200000000000006 0.00045361328125
0.38300000000000006 0.000446044921875
0.38400000000000006 0.00115625
0.38500000000000006 0.000823974609375
0.38600000000000007 0.000380859375
0.38700000000000007 0.000154052734375
0.38800000000000007 0.00070556640625
0.38900000000000007 0.0009287109375
0.39000000000000007 0.0005771484375
0.39100000000000007 0.00042919921875
0.39200000000000007 0.00123168945312
0.39300000000000007 0.000615478515625
0.3940000000000001 0.0003076171875
0.3950000000000001 0.00125073242188
0.3960000000000001 0.000562255859375
0.3970000000000001 0.00127172851562
0.3980000000000001 8.740234375e-05
0.3990000000000001 0.000360107421875
0.4000000000000001 0.000149658203125
0.4010000000000001 0.00104760742188
0.4020000000000001 1.611328125e-05
0.4030000000000001 0.00135278320313
0.4040000000000001 0.00091455078125
0.4050000000000001 0.00216455078125
0.4060000000000001 0.00022509765625
0.4070000000000001 0.000383544921875
0.4080000000000001 6.494140625e-05
0.4090000000000001 0.000603515625
0.4100000000000001 0.00134252929687
0.4110000000000001 9.1796875e-05
0.4120000000000001 0.000820068359375
0.4130000000000001 0.0020517578125
0.4140000000000001 0.0004052734375
0.4150000000000001 0.000175537109375
0.4160000000000001 0.00064404296875
0.4170000000000001 0.000197021484375
0.4180000000000001 0.00127734375
0.4190000000000001 0.000468017578125
0.4200000000000001 0.000328369140625
0.4210000000000001 0.00080908203125
0.4220000000000001 0.0016572265625
0.4230000000000001 0.00090576171875
0.4240000000000001 0.000384765625
0.4250000000000001 0.0008017578125
0.4260000000000001 0.000629150390625
0.4270000000000001 0.0004892578125
0.4280000000000001 0.00131567382813
0.4290000000000001 0.000653564453125
0.4300000000000001 0.000923095703125
0.4310000000000001 0.000409912109375
0.4320000000000001 3.466796875e-05
0.4330000000000001 0.00142993164063
0.4340000000000001 0.0008154296875
0.4350000000000001 0.000308837890625
0.4360000000000001 0.000370849609375
0.4370000000000001 0.000333984375
0.4380000000000001 0.000957763671875
0.4390000000000001 0.00163208007812
0.4400000000000001 0.00034814453125
0.4410000000000001 0.00258325195312
0.4420000000000001 0.00041162109375
0.4430000000000001 0.000883056640625
0.4440000000000001 0.00033837890625
0.4450000000000001 0.00019677734375
0.4460000000000001 0.00131274414062
0.4470000000000001 0.00121313476563
0.4480000000000001 0.000377197265625
0.4490000000000001 0.0009248046875
0.4500000000000001 0.00124584960937
0.4510000000000001 0.00028857421875
0.4520000000000001 0.00215966796875
0.4530000000000001 0.0013994140625
0.4540000000000001 0.00113623046875
0.4550000000000001 0.00132299804687
0.4560000000000001 0.000477294921875
0.45700000000000013 0.0018828125
0.45800000000000013 0.00102099609375
0.45900000000000013 0.00169409179688
0.46000000000000013 0.00133862304687
0.46100000000000013 0.00087841796875
0.46200000000000013 0.000185302734375
0.46300000000000013 0.00190551757812
0.46400000000000013 0.000986083984375
0.46500000000000014 0.000673828125
0.46600000000000014 0.00236791992187
0.46700000000000014 0.0019443359375
0.46800000000000014 0.000886962890625
0.46900000000000014 0.000650390625
0.47000000000000014 0.0005869140625
0.47100000000000014 0.000618408203125
0.47200000000000014 0.00106616210937
0.47300000000000014 0.0011875
0.47400000000000014 0.00302905273438
0.47500000000000014 0.000921142578125
0.47600000000000015 0.00075146484375
0.47700000000000015 3.2470703125e-05
0.47800000000000015 0.0016142578125
0.47900000000000015 0.00040380859375
0.48000000000000015 0.00099609375
0.48100000000000015 0.00192456054688
0.48200000000000015 0.00190551757812
0.48300000000000015 0.00065771484375
0.48400000000000015 0.00254077148438
0.48500000000000015 0.000238525390625
0.48600000000000015 0.000935791015625
0.48700000000000015 0.000979248046875
0.48800000000000016 0.00156469726562
0.48900000000000016 0.0004169921875
0.49000000000000016 0.0001142578125
0.49100000000000016 0.00120849609375
0.49200000000000016 0.00284155273437
0.49300000000000016 0.000589599609375
0.49400000000000016 0.00081982421875
0.49500000000000016 0.0008212890625
0.49600000000000016 0.002326171875
0.49700000000000016 0.00112939453125
0.49800000000000016 0.00018896484375
0.49900000000000017 0.00425708007813
0.5000000000000001 0.000191162109375
0.5010000000000001 0.00067724609375
0.5020000000000001 0.00162744140625
0.5030000000000001 0.0015654296875
0.5040000000000001 0.00154052734375
0.5050000000000001 0.00223681640625
0.5060000000000001 0.00373413085937
0.5070000000000001 0.000397705078125
0.5080000000000001 0.00178271484375
0.5090000000000001 0.00210766601562
0.5100000000000001 0.00378247070313
0.5110000000000001 0.002220703125
0.5120000000000001 0.000926513671875
0.5130000000000001 0.0013955078125
0.5140000000000001 0.000509033203125
0.5150000000000001 0.00289453125
0.5160000000000001 0.00152587890625
0.5170000000000001 0.00181860351562
0.5180000000000001 0.0001982421875
0.5190000000000001 0.0019267578125
0.5200000000000001 0.00425073242188
0.5210000000000001 0.00156469726562
0.5220000000000001 0.0015751953125
0.5230000000000001 0.00301782226563
0.5240000000000001 0.00226049804688
0.5250000000000001 0.00193920898437
0.5260000000000001 0.00346630859375
0.5270000000000001 0.000412841796875
0.5280000000000001 0.00228076171875
0.5290000000000001 3.9794921875e-05
0.5300000000000001 0.00382836914062
0.5310000000000001 0.00130102539062
0.5320000000000001 0.00322387695313
0.5330000000000001 0.00167065429687
0.5340000000000001 0.00204956054687
0.5350000000000001 0.00388110351563
0.5360000000000001 0.00107763671875
0.5370000000000001 0.000871826171875
0.5380000000000001 0.00404321289062
0.5390000000000001 0.00565014648438
0.5400000000000001 0.00337133789062
0.5410000000000001 0.00087255859375
0.5420000000000001 0.00068896484375
0.5430000000000001 0.000834716796875
0.5440000000000002 0.0002099609375
0.5450000000000002 0.00492016601562
0.5460000000000002 0.000589599609375
0.5470000000000002 0.00352856445312
0.5480000000000002 0.00106494140625
0.5490000000000002 0.00288256835938
0.5500000000000002 0.00294506835938
0.5510000000000002 0.000766357421875
0.5520000000000002 8.2763671875e-05
0.5530000000000002 0.00371752929688
0.5540000000000002 0.00535961914062
0.5550000000000002 0.000241455078125
0.5560000000000002 0.00502856445313
0.5570000000000002 7.32421875e-06
0.5580000000000002 0.00217407226562
0.5590000000000002 0.00166235351563
0.5600000000000002 0.00137255859375
0.5610000000000002 0.00424609375
0.5620000000000002 0.0038935546875
0.5630000000000002 0.00387255859375
0.5640000000000002 0.00128466796875
0.5650000000000002 0.00219897460937
0.5660000000000002 0.00171997070312
0.5670000000000002 0.00544067382813
0.5680000000000002 0.00165454101563
0.5690000000000002 0.000533447265625
0.5700000000000002 0.008189453125
0.5710000000000002 0.00241088867188
0.5720000000000002 0.000541259765625
0.5730000000000002 0.00140454101563
0.5740000000000002 0.00467138671875
0.5750000000000002 0.0016591796875
0.5760000000000002 0.000525634765625
0.5770000000000002 0.00409448242188
0.5780000000000002 0.00165234375
0.5790000000000002 6.6650390625e-05
0.5800000000000002 0.00192260742188
0.5810000000000002 0.001287109375
0.5820000000000002 0.0114052734375
0.5830000000000002 0.00490185546875
0.5840000000000002 0.00367529296875
0.5850000000000002 0.00297631835938
0.5860000000000002 0.0022138671875
0.5870000000000002 0.000794189453125
0.5880000000000002 0.00389501953125
0.5890000000000002 0.00884692382813
0.5900000000000002 0.00266162109375
0.5910000000000002 0.000205078125
0.5920000000000002 0.0009306640625
0.5930000000000002 0.0012783203125
0.5940000000000002 9.521484375e-06
0.5950000000000002 0.00853857421875
0.5960000000000002 0.00640869140625
0.5970000000000002 0.00501147460938
0.5980000000000002 0.00959106445312
0.5990000000000002 0.00591381835937
0.6000000000000002 0.00551977539063
0.6010000000000002 0.008037109375
0.6020000000000002 0.00875024414063
0.6030000000000002 0.00334448242187
0.6040000000000002 0.00874731445313
0.6050000000000002 0.00615209960938
0.6060000000000002 0.00200732421875
0.6070000000000002 0.0172109375
0.6080000000000002 0.00547631835938
0.6090000000000002 0.00114282226563
0.6100000000000002 0.00126611328125
0.6110000000000002 0.00258618164062
0.6120000000000002 0.0028837890625
0.6130000000000002 0.0153120117188
0.6140000000000002 0.00918286132812
0.6150000000000002 0.00827856445312
0.6160000000000002 0.00604418945313
0.6170000000000002 0.00149926757813
0.6180000000000002 0.00338598632812
0.6190000000000002 0.0065107421875
0.6200000000000002 0.00367309570312
0.6210000000000002 0.00933520507813
0.6220000000000002 0.00292602539062
0.6230000000000002 0.00629248046875
0.6240000000000002 0.00805615234375
0.6250000000000002 0.0162143554688
0.6260000000000002 0.00160961914062
0.6270000000000002 0.00136328125
0.6280000000000002 0.00859741210938
0.6290000000000002 0.00173852539063
0.6300000000000002 0.0030546875
0.6310000000000002 0.00208837890625
0.6320000000000002 0.00704223632812
0.6330000000000002 0.0132170410156
0.6340000000000002 0.004017578125
0.6350000000000002 0.0168779296875
0.6360000000000002 0.0151752929688
0.6370000000000002 0.00214575195312
0.6380000000000002 0.00538598632812
0.6390000000000002 0.00295727539062
0.6400000000000002 0.00527172851562
0.6410000000000002 0.0255073242187
0.6420000000000002 0.00668115234375
0.6430000000000002 0.00986694335937
0.6440000000000002 0.0129201660156
0.6450000000000002 0.0136042480469
0.6460000000000002 0.0132673339844
0.6470000000000002 0.0103293457031
0.6480000000000002 0.00548022460937
0.6490000000000002 0.0163225097656
0.6500000000000002 0.0145466308594
0.6510000000000002 0.00505688476563
0.6520000000000002 0.0135024414062
0.6530000000000002 0.00371435546875
0.6540000000000002 0.0102568359375
0.6550000000000002 0.00978881835937
0.6560000000000002 0.0103950195313
0.6570000000000003 0.0152578125
0.6580000000000003 0.00598828125
0.6590000000000003 0.00349145507813
0.6600000000000003 0.0381948242187
0.6610000000000003 0.0034189453125
0.6620000000000003 0.00605859375
0.6630000000000003 0.0153754882813
0.6640000000000003 0.0030947265625
0.6650000000000003 0.00393310546875
0.6660000000000003 0.0131118164063
0.6670000000000003 0.0395825195312
0.6680000000000003 0.00826245117188
0.6690000000000003 0.00251611328125
0.6700000000000003 0.00683544921875
0.6710000000000003 0.0358542480469
0.6720000000000003 0.0201042480469
0.6730000000000003 0.0200686035156
0.6740000000000003 0.0235349121094
0.6750000000000003 0.0153000488281
0.6760000000000003 0.0214304199219
0.6770000000000003 0.01943359375
0.6780000000000003 0.0101032714844
0.6790000000000003 0.0035986328125
0.6800000000000003 0.00308764648438
0.6810000000000003 0.0161013183594
0.6820000000000003 0.0387495117187
0.6830000000000003 0.0337065429688
0.6840000000000003 0.0072060546875
0.6850000000000003 0.00913720703125
0.6860000000000003 0.0026416015625
0.6870000000000003 0.0215249023437
0.6880000000000003 0.00317016601562
0.6890000000000003 0.0253049316406
0.6900000000000003 0.0593603515625
0.6910000000000003 0.0621694335937
0.6920000000000003 0.0505561523438
0.6930000000000003 0.0323815917969
0.6940000000000003 0.0137846679688
0.6950000000000003 0.0250283203125
0.6960000000000003 0.0661943359375
0.6970000000000003 0.00564819335938
0.6980000000000003 0.0212456054688
0.6990000000000003 0.0223173828125
0.7000000000000003 0.0116389160156
0.7010000000000003 0.060796875
0.7020000000000003 0.0739597167969
0.7030000000000003 0.0210307617187
0.7040000000000003 0.0408723144531
0.7050000000000003 0.0449287109375
0.7060000000000003 0.0379133300781
0.7070000000000003 0.0120888671875
0.7080000000000003 0.0961118164062
0.7090000000000003 0.0772822265625
0.7100000000000003 0.050931640625
0.7110000000000003 0.0775693359375
0.7120000000000003 0.0829584960938
0.7130000000000003 0.138190429688
0.7140000000000003 0.0439677734375
0.7150000000000003 0.057017578125
0.7160000000000003 0.149462646484
0.7170000000000003 0.00795629882812
0.7180000000000003 0.007326171875
0.7190000000000003 0.153035888672
0.7200000000000003 0.186864746094
0.7210000000000003 0.12101171875
0.7220000000000003 0.290818603516
0.7230000000000003 0.247284667969
0.7240000000000003 0.0798828125
0.7250000000000003 0.188552490234
0.7260000000000003 0.158959472656
0.7270000000000003 0.201829101563
0.7280000000000003 0.0485942382813
0.7290000000000003 0.170385009766
0.7300000000000003 0.09339453125
0.7310000000000003 0.008625
0.7320000000000003 0.225114501953
0.7330000000000003 0.0650258789063
0.7340000000000003 0.282125244141
0.7350000000000003 0.457009521484
0.7360000000000003 0.303261474609
0.7370000000000003 0.300936523437
0.7380000000000003 0.445002929687
0.7390000000000003 0.381789550781
0.7400000000000003 0.196410400391
0.7410000000000003 0.677848632812
0.7420000000000003 0.619170410156
0.7430000000000003 0.186888183594
0.7440000000000003 0.0129206542969
0.7450000000000003 0.623928222656
0.7460000000000003 0.70211328125
0.7470000000000003 0.450289306641
0.7480000000000003 0.561488525391
0.7490000000000003 0.029109375
0.7500000000000003 0.189477294922
0.7510000000000003 0.554007324219
0.7520000000000003 0.671894287109
0.7530000000000003 0.472613769531
0.7540000000000003 0.791697021484
0.7550000000000003 0.814980224609
0.7560000000000003 0.792597900391
0.7570000000000003 0.810680908203
0.7580000000000003 0.803525146484
0.7590000000000003 0.812527099609
0.7600000000000003 0.570058349609
0.7610000000000003 0.627178222656
0.7620000000000003 0.684185791016
0.7630000000000003 0.831470703125
0.7640000000000003 0.260992675781
0.7650000000000003 0.841624023437
0.7660000000000003 0.839833984375
0.7670000000000003 0.853625732422
0.7680000000000003 0.724783447266
0.7690000000000003 0.854101318359
0.7700000000000004 0.854419433594
0.7710000000000004 0.856611083984
0.7720000000000004 0.275114013672
0.7730000000000004 0.848272216797
0.7740000000000004 0.86437109375
0.7750000000000004 0.872441162109
0.7760000000000004 0.867126708984
0.7770000000000004 0.878507080078
0.7780000000000004 0.873711669922
0.7790000000000004 0.874740234375
0.7800000000000004 0.880131347656
0.7810000000000004 0.890645019531
0.7820000000000004 0.886590332031
0.7830000000000004 0.887475097656
0.7840000000000004 0.891313964844
0.7850000000000004 0.881309082031
0.7860000000000004 0.890910888672
0.7870000000000004 0.8908046875
0.7880000000000004 0.895200195312
0.7890000000000004 0.902723388672
0.7900000000000004 0.903542724609
0.7910000000000004 0.902321533203
0.7920000000000004 0.904309326172
0.7930000000000004 0.911295898438
0.7940000000000004 0.905119384766
0.7950000000000004 0.910630615234
0.7960000000000004 0.909133056641
0.7970000000000004 0.9073203125
0.7980000000000004 0.914163085937
0.7990000000000004 0.909779785156
0.8000000000000004 0.912807373047
0.8010000000000004 0.913334228516
0.8020000000000004 0.918070800781
0.8030000000000004 0.913940673828
0.8040000000000004 0.922424560547
0.8050000000000004 0.920395019531
0.8060000000000004 0.922928955078
0.8070000000000004 0.926385498047
0.8080000000000004 0.917922119141
0.8090000000000004 0.924280761719
0.8100000000000004 0.928471435547
0.8110000000000004 0.926941650391
0.8120000000000004 0.927588623047
0.8130000000000004 0.929796142578
0.8140000000000004 0.93133984375
0.8150000000000004 0.932357666016
0.8160000000000004 0.933823486328
0.8170000000000004 0.933689941406
0.8180000000000004 0.934726074219
0.8190000000000004 0.933115722656
0.8200000000000004 0.935872070312
0.8210000000000004 0.938741943359
0.8220000000000004 0.937061523438
0.8230000000000004 0.937757568359
0.8240000000000004 0.938160888672
0.8250000000000004 0.940733154297
0.8260000000000004 0.940055664062
0.8270000000000004 0.942729248047
0.8280000000000004 0.943177734375
0.8290000000000004 0.941898681641
0.8300000000000004 0.941043212891
0.8310000000000004 0.943981445312
0.8320000000000004 0.944268066406
0.8330000000000004 0.945056396484
0.8340000000000004 0.946316650391
0.8350000000000004 0.945392822266
0.8360000000000004 0.947206298828
0.8370000000000004 0.948230957031
0.8380000000000004 0.947236328125
0.8390000000000004 0.949314697266
0.8400000000000004 0.950522705078
0.8410000000000004 0.948818603516
0.8420000000000004 0.950433349609
0.8430000000000004 0.952238525391
0.8440000000000004 0.951816894531
0.8450000000000004 0.953987060547
0.8460000000000004 0.953155029297
0.8470000000000004 0.954321044922
0.8480000000000004 0.955657226562
0.8490000000000004 0.955247314453
0.8500000000000004 0.954089111328
0.8510000000000004 0.955199462891
0.8520000000000004 0.956608154297
0.8530000000000004 0.958083007812
0.8540000000000004 0.956401855469
0.8550000000000004 0.958553222656
0.8560000000000004 0.958017089844
0.8570000000000004 0.957792236328
0.8580000000000004 0.958854736328
0.8590000000000004 0.961098144531
0.8600000000000004 0.960234863281
0.8610000000000004 0.961072265625
0.8620000000000004 0.961875244141
0.8630000000000004 0.960866210938
0.8640000000000004 0.961518310547
0.8650000000000004 0.962963867188
0.8660000000000004 0.961956542969
0.8670000000000004 0.962754394531
0.8680000000000004 0.963829833984
0.8690000000000004 0.963460205078
0.8700000000000004 0.963875732422
0.8710000000000004 0.964731933594
0.8720000000000004 0.965810058594
0.8730000000000004 0.964885253906
0.8740000000000004 0.965605957031
0.8750000000000004 0.965372802734
0.8760000000000004 0.966288085938
0.8770000000000004 0.966982421875
0.8780000000000004 0.967288330078
0.8790000000000004 0.968525390625
0.8800000000000004 0.968127197266
0.8810000000000004 0.96840234375
0.8820000000000005 0.967579345703
0.8830000000000005 0.968958251953
0.8840000000000005 0.968978515625
0.8850000000000005 0.969767822266
0.8860000000000005 0.969327148438
0.8870000000000005 0.970570800781
0.8880000000000005 0.970547607422
0.8890000000000005 0.970585449219
0.8900000000000005 0.970804931641
0.8910000000000005 0.970754394531
0.8920000000000005 0.971188964844
0.8930000000000005 0.971948730469
0.8940000000000005 0.972230712891
0.8950000000000005 0.972242431641
0.8960000000000005 0.972994873047
0.8970000000000005 0.973390869141
0.8980000000000005 0.972885986328
0.8990000000000005 0.973675048828
0.9000000000000005 0.973427098309
