0.3 0.0
0.301 0.954533597656
0.302 0.933755221619
0.303 0.921074638123
0.304 0.96324770697
0.305 0.963761108398
0.306 0.938997380615
0.307 0.982990331787
0.308 1.02223194434
0.309 0.998529279724
0.31 1.00356663666
0.311 0.990147048584
0.312 0.978709983826
0.313 1.02022007788
0.314 1.00715658179
0.315 1.03668474115
0.316 1.0063797959
0.317 1.01427539008
0.318 1.02945758051
0.319 1.04069694312
0.32 1.04118417578
0.321 1.04650919897
0.322 1.00381169281
0.323 1.08592516016
0.324 1.0315524267
0.325 1.07524548608
0.326 1.07305887671
0.327 1.07113488184
0.328 1.05658228217
0.329 1.06702612891
0.33 1.0491444184
0.331 1.08048619897
0.332 1.08243588257
0.333 1.11020222113
0.334 1.06767937445
0.335 1.10392208441
0.336 1.09561474457
0.337 1.14555374976
0.338 1.13623863373
0.339 1.09824542578
0.34 1.13141011694
0.341 1.17656072992
0.342 1.14734306342
0.343 1.08343732367
0.34400000000000003 1.11019664038
0.34500000000000003 1.116388414
0.34600000000000003 1.11114940863
0.34700000000000003 1.15576872406
0.34800000000000003 1.17208321478
0.34900000000000003 1.15804005804
0.35000000000000003 1.17329979486
0.35100000000000003 1.16890791968
0.35200000000000004 1.22085000922
0.35300000000000004 1.19756640375
0.35400000000000004 1.2468861875
0.35500000000000004 1.16518930444
0.35600000000000004 1.2304191767
0.35700000000000004 1.19213329828
0.35800000000000004 1.27383237402
0.35900000000000004 1.22351664453
0.36000000000000004 1.23639149652
0.36100000000000004 1.22538923041
0.36200000000000004 1.29605194818
0.36300000000000004 1.2320494834
0.36400000000000005 1.24795196039
0.36500000000000005 1.30016845483
0.36600000000000005 1.23817297552
0.36700000000000005 1.24968230219
0.36800000000000005 1.30493157172
0.36900000000000005 1.27547323236
0.37000000000000005 1.32803002319
0.37100000000000005 1.30783659277
0.37200000000000005 1.25806356226
0.37300000000000005 1.26369384155
0.37400000000000005 1.33778915796
0.37500000000000006 1.30647706641
0.37600000000000006 1.33917882593
0.37700000000000006 1.30400619116
0.37800000000000006 1.37222912085
0.37900000000000006 1.34808157007
0.38000000000000006 1.40257357123
0.38100000000000006 1.31189818726
0.38200000000000006 1.37215487671
0.38300000000000006 1.35266672797
0.38400000000000006 1.3562205625
0.38500000000000006 1.34105315668
0.38600000000000007 1.37972151343
0.38700000000000007 1.40221606439
0.38800000000000007 1.38712677515
0.38900000000000007 1.43366822656
0.39000000000000007 1.45375170288
0.39100000000000007 1.48485116577
0.39200000000000007 1.41201300238
0.39300000000000007 1.44593786469
0.3940000000000001 1.4708133584
0.3950000000000001 1.45354533539
0.3960000000000001 1.41738711908
0.3970000000000001 1.45687491449
0.3980000000000001 1.5152109375
0.3990000000000001 1.45108003656
0.4000000000000001 1.53946111517
0.4010000000000001 1.53872969476
0.4020000000000001 1.47315228882
0.4030000000000001 1.48114009271
0.4040000000000001 1.5646314834
0.4050000000000001 1.49063917749
0.4060000000000001 1.53644668921
0.4070000000000001 1.53710328802
0.4080000000000001 1.56464935522
0.4090000000000001 1.57050607031
0.4100000000000001 1.53558886224
0.4110000000000001 1.60106753027
0.4120000000000001 1.57769247015
0.4130000000000001 1.59982857202
0.4140000000000001 1.67885923804
0.4150000000000001 1.57623118597
0.4160000000000001 1.70439257202
0.4170000000000001 1.64485826654
0.4180000000000001 1.67154427515
0.4190000000000001 1.63812738715
0.4200000000000001 1.62135283051
0.4210000000000001 1.61639158179
0.4220000000000001 1.63401228906
0.4230000000000001 1.66686654688
0.4240000000000001 1.65372482031
0.4250000000000001 1.74486627905
0.4260000000000001 1.7051035141
0.4270000000000001 1.68474576929
0.4280000000000001 1.71466972601
0.4290000000000001 1.67174992377
0.4300000000000001 1.66375836029
0.4310000000000001 1.78794851508
0.4320000000000001 1.68952265015
0.4330000000000001 1.77021419427
0.4340000000000001 1.89980225684
0.4350000000000001 1.78100279974
0.4360000000000001 1.79176690521
0.4370000000000001 1.89110175171
0.4380000000000001 1.79570345892
0.4390000000000001 1.78249175873
0.4400000000000001 1.8372363064
0.4410000000000001 1.8965618017
0.4420000000000001 1.82738649902
0.4430000000000001 1.87832582855
0.4440000000000001 1.91597235938
0.4450000000000001 1.88310097656
0.4460000000000001 1.93445598578
0.4470000000000001 1.94873093011
0.4480000000000001 1.93661625189
0.4490000000000001 1.98607512671
0.4500000000000001 1.98398817084
0.4510000000000001 1.94062163843
0.4520000000000001 1.96627071265
0.4530000000000001 2.10114624902
0.4540000000000001 2.05521400781
0.4550000000000001 2.03498843695
0.4560000000000001 2.19724854974
0.45700000000000013 2.09619040796
0.45800000000000013 2.12949588843
0.45900000000000013 2.05622566986
0.46000000000000013 2.13401217963
0.46100000000000013 2.06564935913
0.46200000000000013 2.04558264105
0.46300000000000013 2.02209703802
0.46400000000000013 2.10468056146
0.46500000000000014 2.16317236328
0.46600000000000014 2.24806382904
0.46700000000000014 2.16338314429
0.46800000000000014 2.22128425726
0.46900000000000014 2.21137852319
0.47000000000000014 2.31068135718
0.47100000000000014 2.25352825922
0.47200000000000014 2.19839270453
0.47300000000000014 2.23577059546
0.47400000000000014 2.32160764105
0.47500000000000014 2.2962398056
0.47600000000000015 2.32169777246
0.47700000000000015 2.30463186761
0.47800000000000015 2.3213367771
0.47900000000000015 2.31560120874
0.48000000000000015 2.41261869897
0.48100000000000015 2.35300927582
0.48200000000000015 2.4078592475
0.48300000000000015 2.42556970679
0.48400000000000015 2.4538580976
0.48500000000000015 2.47743131049
0.48600000000000015 2.44160703558
0.48700000000000015 2.42623240814
0.48800000000000016 2.56353214838
0.48900000000000016 2.50419707007
0.49000000000000016 2.56687763062
0.49100000000000016 2.61711533179
0.49200000000000016 2.66507726801
0.49300000000000016 2.61888290717
0.49400000000000016 2.64988057397
0.49500000000000016 2.64581350684
0.49600000000000016 2.65624096777
0.49700000000000016 2.65191837671
0.49800000000000016 2.71348309937
0.49900000000000017 2.74198309515
0.5000000000000001 2.71787575189
0.5010000000000001 2.87310077515
0.5020000000000001 2.74429409277
0.5030000000000001 2.79205840601
0.5040000000000001 2.8328957334
0.5050000000000001 2.79676181641
0.5060000000000001 2.83664476801
0.5070000000000001 2.85338168207
0.5080000000000001 2.95021378027
0.5090000000000001 2.97247057855
0.5100000000000001 3.09051121674
0.5110000000000001 2.87518593652
0.5120000000000001 3.04127547308
0.5130000000000001 2.99195869116
0.5140000000000001 3.09971447748
0.5150000000000001 3.02441105859
0.5160000000000001 3.07939604468
0.5170000000000001 3.20360332513
0.5180000000000001 3.22428161621
0.5190000000000001 3.18133659277
0.5200000000000001 3.20626631342
0.5210000000000001 3.36752697601
0.5220000000000001 3.23070120215
0.5230000000000001 3.32308230707
0.5240000000000001 3.26495289789
0.5250000000000001 3.29579072455
0.5260000000000001 3.08132237085
0.5270000000000001 3.3946604599
0.5280000000000001 3.55142666016
0.5290000000000001 3.23576348724
0.5300000000000001 3.25746773627
0.5310000000000001 3.63865102386
0.5320000000000001 3.63706727289
0.5330000000000001 3.33679884955
0.5340000000000001 3.80971989594
0.5350000000000001 3.59775856635
0.5360000000000001 3.55646554468
0.5370000000000001 3.64690323236
0.5380000000000001 3.59464007416
0.5390000000000001 3.73498919916
0.5400000000000001 3.7168991601
0.5410000000000001 3.9682905271
0.5420000000000001 3.62499855249
0.5430000000000001 3.75849111029
0.5440000000000002 4.17604170874
0.5450000000000002 3.96148281488
0.5460000000000002 3.68264041498
0.5470000000000002 4.15812889838
0.5480000000000002 4.02203507422
0.5490000000000002 4.01017357025
0.5500000000000002 4.05728142279
0.5510000000000002 4.45772422064
0.5520000000000002 4.09272823676
0.5530000000000002 4.15675075531
0.5540000000000002 4.11406804681
0.5550000000000002 4.16700659906
0.5560000000000002 4.22665902338
0.5570000000000002 4.63302932397
0.5580000000000002 4.51411914008
0.5590000000000002 4.33873472113
0.5600000000000002 4.33101403809
0.5610000000000002 4.44788307397
0.5620000000000002 4.58099450684
0.5630000000000002 4.41932183569
0.5640000000000002 4.74681188452
0.5650000000000002 4.80519918207
0.5660000000000002 4.69418330316
0.5670000000000002 4.64867191156
0.5680000000000002 4.7313824682
0.5690000000000002 4.94122014008
0.5700000000000002 5.0072499939
0.5710000000000002 4.88528897699
0.5720000000000002 5.16545979974
0.5730000000000002 4.94499059906
0.5740000000000002 5.26266071265
0.5750000000000002 5.16314951172
0.5760000000000002 5.25142180853
0.5770000000000002 5.58754220892
0.5780000000000002 5.30739959937
0.5790000000000002 5.49815711127
0.5800000000000002 5.33945678558
0.5810000000000002 6.02242384741
0.5820000000000002 5.78643199609
0.5830000000000002 5.82814421777
0.5840000000000002 6.27734949121
0.5850000000000002 5.93001158295
0.5860000000000002 5.62736986694
0.5870000000000002 5.7204804267
0.5880000000000002 6.03313559351
0.5890000000000002 6.04742098822
0.5900000000000002 5.76250945288
0.5910000000000002 6.24382782593
0.5920000000000002 6.08768759766
0.5930000000000002 6.59697676172
0.5940000000000002 6.5970576391
0.5950000000000002 7.01042358179
0.5960000000000002 6.79464135156
0.5970000000000002 6.99876699652
0.5980000000000002 7.14686974066
0.5990000000000002 6.15555552826
0.6000000000000002 6.90170108588
0.6010000000000002 6.16723656226
0.6020000000000002 7.4782389599
0.6030000000000002 7.08238826849
0.6040000000000002 7.89940442328
0.6050000000000002 7.6649274765
0.6060000000000002 7.56681810522
0.6070000000000002 7.39916781616
0.6080000000000002 7.35866221429
0.6090000000000002 7.35302960931
0.6100000000000002 7.9423352334
0.6110000000000002 8.02520377875
0.6120000000000002 8.14204338281
0.6130000000000002 7.4315219021
0.6140000000000002 8.34861743011
0.6150000000000002 8.18821722162
0.6160000000000002 9.02156739691
0.6170000000000002 8.57800243988
0.6180000000000002 8.68572243646
0.6190000000000002 10.2754339053
0.6200000000000002 10.1598071274
0.6210000000000002 9.72851789008
0.6220000000000002 8.52864872797
0.6230000000000002 9.68954550781
0.6240000000000002 10.6824597412
0.6250000000000002 9.39635668335
0.6260000000000002 9.30334083002
0.6270000000000002 10.3703463259
0.6280000000000002 10.6093701767
0.6290000000000002 12.3627015283
0.6300000000000002 10.4623494802
0.6310000000000002 11.16460121
0.6320000000000002 10.8483438095
0.6330000000000002 10.9887203491
0.6340000000000002 12.2871207334
0.6350000000000002 11.1847415859
0.6360000000000002 10.8750048416
0.6370000000000002 10.1925915512
0.6380000000000002 12.083510915
0.6390000000000002 12.2221726972
0.6400000000000002 12.2482063461
0.6410000000000002 12.4900524844
0.6420000000000002 12.0551104177
0.6430000000000002 13.4031113574
0.6440000000000002 12.3913043261
0.6450000000000002 14.342223916
0.6460000000000002 13.4899699926
0.6470000000000002 13.4779950165
0.6480000000000002 14.061308122
0.6490000000000002 13.1224445117
0.6500000000000002 13.7926386718
0.6510000000000002 14.3085423998
0.6520000000000002 14.8787038552
0.6530000000000002 15.014932074
0.6540000000000002 15.0807108884
0.6550000000000002 17.8035765107
0.6560000000000002 14.0783525381
0.6570000000000003 18.7873131931
0.6580000000000003 17.3613993789
0.6590000000000003 19.767002475
0.6600000000000003 17.3773833083
0.6610000000000003 18.4141773037
0.6620000000000003 17.7395594834
0.6630000000000003 20.1674191055
0.6640000000000003 20.6209751953
0.6650000000000003 18.3954344688
0.6660000000000003 21.8139428982
0.6670000000000003 22.9885819919
0.6680000000000003 22.1795921069
0.6690000000000003 23.3955052646
0.6700000000000003 23.8469139529
0.6710000000000003 24.7868883691
0.6720000000000003 20.5960341967
0.6730000000000003 22.7575263891
0.6740000000000003 25.9612705195
0.6750000000000003 24.6706339741
0.6760000000000003 23.4403280834
0.6770000000000003 25.4265411111
0.6780000000000003 25.9519250976
0.6790000000000003 25.6056952146
0.6800000000000003 29.6989038061
0.6810000000000003 29.1189059545
0.6820000000000003 25.6931967283
0.6830000000000003 28.9946084609
0.6840000000000003 29.6394721914
0.6850000000000003 31.5816068359
0.6860000000000003 31.8034316006
0.6870000000000003 29.3279334414
0.6880000000000003 32.1007352768
0.6890000000000003 34.9481856674
0.6900000000000003 36.5206062966
0.6910000000000003 37.7543093506
0.6920000000000003 39.5754172302
0.6930000000000003 36.1151690258
0.6940000000000003 36.3434514236
0.6950000000000003 37.7835083982
0.6960000000000003 41.9592812439
0.6970000000000003 37.4136590917
0.6980000000000003 40.8550187927
0.6990000000000003 45.6728187412
0.7000000000000003 41.7878354536
0.7010000000000003 44.1331706631
0.7020000000000003 46.6245857368
0.7030000000000003 43.769776625
0.7040000000000003 44.8125451904
0.7050000000000003 45.4089818787
0.7060000000000003 46.513945373
0.7070000000000003 49.9342234646
0.7080000000000003 53.6956294443
0.7090000000000003 51.8214793945
0.7100000000000003 55.2932870303
0.7110000000000003 56.3681507568
0.7120000000000003 49.2269150146
0.7130000000000003 53.1033583435
0.7140000000000003 58.8439964333
0.7150000000000003 55.7981076992
0.7160000000000003 53.9919566938
0.7170000000000003 63.1232492661
0.7180000000000003 57.7450721189
0.7190000000000003 51.1067788681
0.7200000000000003 61.8568212673
0.7210000000000003 59.3278726211
0.7220000000000003 52.4696640742
0.7230000000000003 62.0462964492
0.7240000000000003 64.9218236892
0.7250000000000003 59.4324243598
0.7260000000000003 62.0742689688
0.7270000000000003 59.100334033
0.7280000000000003 48.8306263279
0.7290000000000003 56.5812987206
0.7300000000000003 45.471110499
0.7310000000000003 53.3184760146
0.7320000000000003 51.2034684077
0.7330000000000003 53.9007139648
0.7340000000000003 52.7799275375
0.7350000000000003 45.1037376533
0.7360000000000003 40.2254344135
0.7370000000000003 47.3516081602
0.7380000000000003 29.9686285427
0.7390000000000003 50.4912292959
0.7400000000000003 49.8026825952
0.7410000000000003 35.6998992478
0.7420000000000003 38.2489366367
0.7430000000000003 39.1261815623
0.7440000000000003 32.199576914
0.7450000000000003 31.4520434922
0.7460000000000003 25.376818085
0.7470000000000003 18.8651462377
0.7480000000000003 21.0289256738
0.7490000000000003 41.1274510525
0.7500000000000003 34.1807664179
0.7510000000000003 29.079504949
0.7520000000000003 35.6532921284
0.7530000000000003 31.6409160349
0.7540000000000003 19.4414821161
0.7550000000000003 10.4475196972
0.7560000000000003 24.0381072675
0.7570000000000003 15.7505643354
0.7580000000000003 17.2669914575
0.7590000000000003 12.5024694628
0.7600000000000003 14.1296392158
0.7610000000000003 23.3676167087
0.7620000000000003 16.6707143891
0.7630000000000003 10.3441313711
0.7640000000000003 14.1102688181
0.7650000000000003 7.46323893652
0.7660000000000003 9.39144716797
0.7670000000000003 5.52887674554
0.7680000000000003 14.5742125287
0.7690000000000003 8.09541484369
0.7700000000000004 7.20933540015
0.7710000000000004 7.44070428217
0.7720000000000004 12.3939391303
0.7730000000000004 14.4465038476
0.7740000000000004 5.65524564844
0.7750000000000004 4.3448738183
0.7760000000000004 5.30479553217
0.7770000000000004 5.3219408432
0.7780000000000004 5.11217097601
0.7790000000000004 5.33418676172
0.7800000000000004 4.44609885718
0.7810000000000004 2.89560994116
0.7820000000000004 4.14618037866
0.7830000000000004 4.2688370603
0.7840000000000004 3.20591041968
0.7850000000000004 8.40138763647
0.7860000000000004 3.533910935
0.7870000000000004 5.94888197656
0.7880000000000004 3.1669236084
0.7890000000000004 2.3853333725
0.7900000000000004 2.46987512689
0.7910000000000004 2.8939804516
0.7920000000000004 2.65865853265
0.7930000000000004 1.69351182715
0.7940000000000004 3.23198937006
0.7950000000000004 2.13347123724
0.7960000000000004 2.37535421869
0.7970000000000004 3.12841775781
0.7980000000000004 2.09477967871
0.7990000000000004 3.14394959937
0.8000000000000004 2.56552893793
0.8010000000000004 2.20708921576
0.8020000000000004 1.89336628882
0.8030000000000004 2.1640077514
0.8040000000000004 1.59695977777
0.8050000000000004 1.92885279272
0.8060000000000004 1.5608073432
0.8070000000000004 1.44100844574
0.8080000000000004 3.94380880853
0.8090000000000004 1.48416422632
0.8100000000000004 1.28594028558
0.8110000000000004 1.63675543158
0.8120000000000004 1.51830393011
0.8130000000000004 1.33295715179
0.8140000000000004 1.13648548438
0.8150000000000004 1.16028259467
0.8160000000000004 1.16574917719
0.8170000000000004 1.0745334939
0.8180000000000004 1.14017925757
0.8190000000000004 1.5363704978
0.8200000000000004 1.14990147559
0.8210000000000004 0.970016749939
0.8220000000000004 1.09675234277
0.8230000000000004 0.936090757752
0.8240000000000004 0.981183114685
0.8250000000000004 0.91706878363
0.8260000000000004 1.07814581152
0.8270000000000004 0.792807766052
0.8280000000000004 0.809654691406
0.8290000000000004 0.990267804627
0.8300000000000004 1.40762724799
0.8310000000000004 0.877451397461
0.8320000000000004 0.817950361084
0.8330000000000004 0.832351293884
0.8340000000000004 0.764717970642
0.8350000000000004 1.09338450677
0.8360000000000004 0.943672665466
0.8370000000000004 0.635875847412
0.8380000000000004 0.791300878906
0.8390000000000004 0.772196139587
0.8400000000000004 0.664040632263
0.8410000000000004 1.45973984857
0.8420000000000004 0.672503501892
0.8430000000000004 0.616856923767
0.8440000000000004 0.636905019287
0.8450000000000004 0.530977785584
0.8460000000000004 0.602153861755
0.8470000000000004 0.588386218201
0.8480000000000004 0.466182959961
0.8490000000000004 0.547348129333
0.8500000000000004 0.872831872497
0.8510000000000004 0.590909240173
0.8520000000000004 0.57578690863
0.8530000000000004 0.438727608398
0.8540000000000004 0.51591662085
0.8550000000000004 0.412302810303
0.8560000000000004 0.52607217749
0.8570000000000004 0.505149677185
0.8580000000000004 0.470966677185
0.8590000000000004 0.375704042725
0.8600000000000004 0.439527656006
0.8610000000000004 0.382901324219
0.8620000000000004 0.39349064447
0.8630000000000004 0.549073897461
0.8640000000000004 0.425629660584
0.8650000000000004 0.365859741211
0.8660000000000004 0.406858503662
0.8670000000000004 0.44564505835
0.8680000000000004 0.363532750915
0.8690000000000004 0.375792304138
0.8700000000000004 0.448960862732
0.8710000000000004 0.330258681397
0.8720000000000004 0.298706923584
0.8730000000000004 0.398503118896
0.8740000000000004 0.310828925537
0.8750000000000004 0.362795905212
0.8760000000000004 0.318273006836
0.8770000000000004 0.274103417969
0.8780000000000004 0.338089101013
0.8790000000000004 0.283864355469
0.8800000000000004 0.293128686462
0.8810000000000004 0.262151625
0.8820000000000005 0.35738134613
0.8830000000000005 0.280043969177
0.8840000000000005 0.298695550781
0.8850000000000005 0.247458217713
0.8860000000000005 0.289804413086
0.8870000000000005 0.244961562256
0.8880000000000005 0.244165175232
0.8890000000000005 0.236618632568
0.8900000000000005 0.244757453064
0.8910000000000005 0.248801019287
0.8920000000000005 0.231041497803
0.8930000000000005 0.218125097412
0.8940000000000005 0.206275997986
0.8950000000000005 0.244642515564
0.8960000000000005 0.218076430115
0.8970000000000005 0.208839472595
0.8980000000000005 0.24269253656
0.8990000000000005 0.199215946716
0.9000000000000005 0.231345819168
