0.3 0.0
0.301 0.126177199525
0.302 0.117926614887
0.303 0.122358558134
0.304 0.123097574471
0.305 0.129864317178
0.306 0.129711082598
0.307 0.126625874044
0.308 0.129023926845
0.309 0.131558786112
0.31 0.129424389649
0.311 0.127591216633
0.312 0.135824092798
0.313 0.136554914187
0.314 0.137211389471
0.315 0.130003275245
0.316 0.139367307777
0.317 0.140824410832
0.318 0.146805586994
0.319 0.141930181915
0.32 0.142346897264
0.321 0.138782555456
0.322 0.145607845162
0.323 0.145923782363
0.324 0.157019043215
0.325 0.15134573478
0.326 0.162194759298
0.327 0.156955961478
0.328 0.161939122073
0.329 0.154934993509
0.33 0.159397259678
0.331 0.163287676839
0.332 0.154822074179
0.333 0.165998183792
0.334 0.168159665541
0.335 0.162172832736
0.336 0.167684728239
0.337 0.17082987021
0.338 0.165147194818
0.339 0.17263790247
0.34 0.172439647148
0.341 0.179018796063
0.342 0.176195108201
0.343 0.184313318895
0.34400000000000003 0.176752891824
0.34500000000000003 0.182935443826
0.34600000000000003 0.19235124706
0.34700000000000003 0.19552383435
0.34800000000000003 0.183857965911
0.34900000000000003 0.192628737949
0.35000000000000003 0.195721532694
0.35100000000000003 0.200522744633
0.35200000000000004 0.196550366735
0.35300000000000004 0.198392652398
0.35400000000000004 0.207739798481
0.35500000000000004 0.199333466505
0.35600000000000004 0.201250287018
0.35700000000000004 0.206222620548
0.35800000000000004 0.214807004018
0.35900000000000004 0.212017765242
0.36000000000000004 0.216263814516
0.36100000000000004 0.21251979947
0.36200000000000004 0.206978166522
0.36300000000000004 0.212331404068
0.36400000000000005 0.222621429583
0.36500000000000005 0.225537112897
0.36600000000000005 0.220510753811
0.36700000000000005 0.21734512996
0.36800000000000005 0.235525070304
0.36900000000000005 0.23612367557
0.37000000000000005 0.243010593437
0.37100000000000005 0.233185823203
0.37200000000000005 0.240377143606
0.37300000000000005 0.241006464834
0.37400000000000005 0.24610854311
0.37500000000000006 0.24642214697
0.37600000000000006 0.246616536838
0.37700000000000006 0.242643756394
0.37800000000000006 0.24393420092
0.37900000000000006 0.244949911015
0.38000000000000006 0.2494785885
0.38100000000000006 0.253884523155
0.38200000000000006 0.261602934457
0.38300000000000006 0.253272435073
0.38400000000000006 0.260637280704
0.38500000000000006 0.263408893906
0.38600000000000007 0.267848492384
0.38700000000000007 0.259958192517
0.38800000000000007 0.272534268335
0.38900000000000007 0.287805814812
0.39000000000000007 0.272025802562
0.39100000000000007 0.275415612606
0.39200000000000007 0.293712287805
0.39300000000000007 0.287789255931
0.3940000000000001 0.296702893548
0.3950000000000001 0.298294807818
0.3960000000000001 0.29315165827
0.3970000000000001 0.284367532359
0.3980000000000001 0.301930907171
0.3990000000000001 0.294531249227
0.4000000000000001 0.3081234375
0.4010000000000001 0.310261406462
0.4020000000000001 0.315029073061
0.4030000000000001 0.315378530055
0.4040000000000001 0.32079688589
0.4050000000000001 0.321985629539
0.4060000000000001 0.322208463876
0.4070000000000001 0.326028402069
0.4080000000000001 0.329146741005
0.4090000000000001 0.332996175374
0.4100000000000001 0.324815216429
0.4110000000000001 0.33111360817
0.4120000000000001 0.337317610541
0.4130000000000001 0.35155407785
0.4140000000000001 0.35139907796
0.4150000000000001 0.355594151208
0.4160000000000001 0.352173162854
0.4170000000000001 0.357099469281
0.4180000000000001 0.378178617295
0.4190000000000001 0.371015158815
0.4200000000000001 0.37073106
0.4210000000000001 0.377028906011
0.4220000000000001 0.378716744091
0.4230000000000001 0.376451886537
0.4240000000000001 0.383143192679
0.4250000000000001 0.383033514533
0.4260000000000001 0.387955607863
0.4270000000000001 0.397791815471
0.4280000000000001 0.392358692009
0.4290000000000001 0.394779825307
0.4300000000000001 0.396829035159
0.4310000000000001 0.409798198479
0.4320000000000001 0.412622098432
0.4330000000000001 0.416499562246
0.4340000000000001 0.421376798683
0.4350000000000001 0.44859970476
0.4360000000000001 0.432700005244
0.4370000000000001 0.43376707922
0.4380000000000001 0.420446509425
0.4390000000000001 0.443380752243
0.4400000000000001 0.4596407519
0.4410000000000001 0.438288536802
0.4420000000000001 0.441628000294
0.4430000000000001 0.457566975843
0.4440000000000001 0.46833192619
0.4450000000000001 0.4532934302
0.4460000000000001 0.492763164033
0.4470000000000001 0.478349837939
0.4480000000000001 0.465344390896
0.4490000000000001 0.472095246787
0.4500000000000001 0.476192482
0.4510000000000001 0.482270266325
0.4520000000000001 0.496285731174
0.4530000000000001 0.493142717934
0.4540000000000001 0.507645810819
0.4550000000000001 0.499794188583
0.4560000000000001 0.507348032933
0.45700000000000013 0.534197384793
0.45800000000000013 0.507878636031
0.45900000000000013 0.533584427751
0.46000000000000013 0.534952032788
0.46100000000000013 0.530383707828
0.46200000000000013 0.545133322324
0.46300000000000013 0.52573708438
0.46400000000000013 0.563346521823
0.46500000000000014 0.562080733568
0.46600000000000014 0.553387918083
0.46700000000000014 0.574509057583
0.46800000000000014 0.567396449241
0.46900000000000014 0.555202566976
0.47000000000000014 0.569826691452
0.47100000000000014 0.565310758969
0.47200000000000014 0.583189034799
0.47300000000000014 0.589015348502
0.47400000000000014 0.61502961806
0.47500000000000014 0.595294125072
0.47600000000000015 0.605905538399
0.47700000000000015 0.622156333426
0.47800000000000015 0.640332322595
0.47900000000000015 0.623221176881
0.48000000000000015 0.625353741756
0.48100000000000015 0.618212103454
0.48200000000000015 0.643081838584
0.48300000000000015 0.625504256153
0.48400000000000015 0.654771548038
0.48500000000000015 0.667997883258
0.48600000000000015 0.645101738685
0.48700000000000015 0.656963972658
0.48800000000000016 0.645944272382
0.48900000000000016 0.674245937386
0.49000000000000016 0.673494554254
0.49100000000000016 0.672714441114
0.49200000000000016 0.694001041764
0.49300000000000016 0.688903344535
0.49400000000000016 0.687748122893
0.49500000000000016 0.685978365206
0.49600000000000016 0.717665861893
0.49700000000000016 0.712168063153
0.49800000000000016 0.715946021241
0.49900000000000017 0.71013955358
0.5000000000000001 0.704967485586
0.5010000000000001 0.738271600553
0.5020000000000001 0.723548179272
0.5030000000000001 0.732275928947
0.5040000000000001 0.764396598755
0.5050000000000001 0.748041823507
0.5060000000000001 0.771567805467
0.5070000000000001 0.774768797276
0.5080000000000001 0.771519352281
0.5090000000000001 0.782847232563
0.5100000000000001 0.779706418271
0.5110000000000001 0.779971991138
0.5120000000000001 0.789587826934
0.5130000000000001 0.779036809451
0.5140000000000001 0.804289087235
0.5150000000000001 0.814157319125
0.5160000000000001 0.816766459455
0.5170000000000001 0.809960661228
0.5180000000000001 0.803653323002
0.5190000000000001 0.836373359397
0.5200000000000001 0.839974369218
0.5210000000000001 0.837801576641
0.5220000000000001 0.839266513173
0.5230000000000001 0.852441448427
0.5240000000000001 0.852763657602
0.5250000000000001 0.873815311318
0.5260000000000001 0.876891612207
0.5270000000000001 0.855616178106
0.5280000000000001 0.902465527329
0.5290000000000001 0.879583897164
0.5300000000000001 0.89787007865
0.5310000000000001 0.903039568736
0.5320000000000001 0.881241211818
0.5330000000000001 0.9050301781
0.5340000000000001 0.904332360497
0.5350000000000001 0.910574312347
0.5360000000000001 0.921032923465
0.5370000000000001 0.938317862008
0.5380000000000001 0.911771665069
0.5390000000000001 0.934294076666
0.5400000000000001 0.915971868548
0.5410000000000001 0.96823779036
0.5420000000000001 0.952231358608
0.5430000000000001 0.947374200327
0.5440000000000002 0.983983833312
0.5450000000000002 0.952660121917
0.5460000000000002 0.990217998866
0.5470000000000002 0.981458440909
0.5480000000000002 0.969927023678
0.5490000000000002 1.00253563968
0.5500000000000002 0.988946876998
0.5510000000000002 0.97153682974
0.5520000000000002 0.995548108913
0.5530000000000002 1.00462320697
0.5540000000000002 1.0046187423
0.5550000000000002 1.02798081908
0.5560000000000002 1.01007021824
0.5570000000000002 1.03863971016
0.5580000000000002 1.0551163222
0.5590000000000002 1.04540994595
0.5600000000000002 1.05986203843
0.5610000000000002 1.06417242111
0.5620000000000002 1.05092771236
0.5630000000000002 1.06602144396
0.5640000000000002 1.06874644468
0.5650000000000002 1.06969101853
0.5660000000000002 1.05621155713
0.5670000000000002 1.07749478406
0.5680000000000002 1.08047620435
0.5690000000000002 1.0889514261
0.5700000000000002 1.11526482514
0.5710000000000002 1.10223787192
0.5720000000000002 1.1111745788
0.5730000000000002 1.113772984
0.5740000000000002 1.11363403584
0.5750000000000002 1.11104549355
0.5760000000000002 1.11278175482
0.5770000000000002 1.12409522689
0.5780000000000002 1.13185349322
0.5790000000000002 1.13041960253
0.5800000000000002 1.14220530869
0.5810000000000002 1.14402776226
0.5820000000000002 1.15851790296
0.5830000000000002 1.15530409767
0.5840000000000002 1.1492828587
0.5850000000000002 1.15865366892
0.5860000000000002 1.14655588891
0.5870000000000002 1.15099292691
0.5880000000000002 1.1683747507
0.5890000000000002 1.167115721
0.5900000000000002 1.17761217415
0.5910000000000002 1.20452440962
0.5920000000000002 1.17186673313
0.5930000000000002 1.17693703322
0.5940000000000002 1.19111721516
0.5950000000000002 1.18948171608
0.5960000000000002 1.18844514324
0.5970000000000002 1.21243071034
0.5980000000000002 1.21318339328
0.5990000000000002 1.21199796082
0.6000000000000002 1.2140554464
0.6010000000000002 1.22011658995
0.6020000000000002 1.21152864906
0.6030000000000002 1.22906117658
0.6040000000000002 1.21607629039
0.6050000000000002 1.22087739407
0.6060000000000002 1.22655480628
0.6070000000000002 1.24451622157
0.6080000000000002 1.24130201036
0.6090000000000002 1.23632263831
0.6100000000000002 1.23656104532
0.6110000000000002 1.25388328031
0.6120000000000002 1.2536509476
0.6130000000000002 1.24046187721
0.6140000000000002 1.27455711004
0.6150000000000002 1.25390050137
0.6160000000000002 1.24774253968
0.6170000000000002 1.24859605371
0.6180000000000002 1.26060240392
0.6190000000000002 1.24897265503
0.6200000000000002 1.27176187338
0.6210000000000002 1.27714299041
0.6220000000000002 1.27017188585
0.6230000000000002 1.26453459162
0.6240000000000002 1.27141317439
0.6250000000000002 1.24809547632
0.6260000000000002 1.25926403237
0.6270000000000002 1.27189163942
0.6280000000000002 1.28316305571
0.6290000000000002 1.28758538814
0.6300000000000002 1.29651065745
0.6310000000000002 1.31032843667
0.6320000000000002 1.27541451059
0.6330000000000002 1.29430604449
0.6340000000000002 1.29259950296
0.6350000000000002 1.29216157387
0.6360000000000002 1.27756178034
0.6370000000000002 1.27071941268
0.6380000000000002 1.26802791474
0.6390000000000002 1.30104597758
0.6400000000000002 1.29945662406
0.6410000000000002 1.28877275998
0.6420000000000002 1.27063056465
0.6430000000000002 1.32182792034
0.6440000000000002 1.29304704152
0.6450000000000002 1.29016710292
0.6460000000000002 1.28669875093
0.6470000000000002 1.27279280416
0.6480000000000002 1.29683395633
0.6490000000000002 1.29972485389
0.6500000000000002 1.29196540013
0.6510000000000002 1.3211498185
0.6520000000000002 1.28715300457
0.6530000000000002 1.29374276661
0.6540000000000002 1.30403686859
0.6550000000000002 1.27363910174
0.6560000000000002 1.31556163482
0.6570000000000003 1.28951990673
0.6580000000000003 1.30989560897
0.6590000000000003 1.30484908074
0.6600000000000003 1.30159794059
0.6610000000000003 1.28003207381
0.6620000000000003 1.30983483996
0.6630000000000003 1.31659704572
0.6640000000000003 1.2904699017
0.6650000000000003 1.30966298429
0.6660000000000003 1.35145547088
0.6670000000000003 1.29015439013
0.6680000000000003 1.29017132666
0.6690000000000003 1.27360390766
0.6700000000000003 1.28927041891
0.6710000000000003 1.28776954669
0.6720000000000003 1.30118214515
0.6730000000000003 1.30193769576
0.6740000000000003 1.30796250265
0.6750000000000003 1.24789912567
0.6760000000000003 1.26682832768
0.6770000000000003 1.28071524328
0.6780000000000003 1.24882545857
0.6790000000000003 1.22631624019
0.6800000000000003 1.26722160347
0.6810000000000003 1.26566849547
0.6820000000000003 1.25393534957
0.6830000000000003 1.30494726348
0.6840000000000003 1.27620589857
0.6850000000000003 1.23962785641
0.6860000000000003 1.253132934
0.6870000000000003 1.25892978605
0.6880000000000003 1.26873428459
0.6890000000000003 1.22897670622
0.6900000000000003 1.24989835506
0.6910000000000003 1.21271590055
0.6920000000000003 1.20418811925
0.6930000000000003 1.26287130375
0.6940000000000003 1.2402415497
0.6950000000000003 1.21860618918
0.6960000000000003 1.18542885826
0.6970000000000003 1.1999898198
0.6980000000000003 1.28709276201
0.6990000000000003 1.2066020255
0.7000000000000003 1.20074872369
0.7010000000000003 1.21083965125
0.7020000000000003 1.25447958041
0.7030000000000003 1.20252421326
0.7040000000000003 1.18028077926
0.7050000000000003 1.20294500878
0.7060000000000003 1.1489718759
0.7070000000000003 1.20729983031
0.7080000000000003 1.20940365508
0.7090000000000003 1.15307788292
0.7100000000000003 1.18014822991
0.7110000000000003 1.18574926109
0.7120000000000003 1.14877986644
0.7130000000000003 1.1474852957
0.7140000000000003 1.20622052974
0.7150000000000003 1.17781078217
0.7160000000000003 1.11925482775
0.7170000000000003 1.15934679431
0.7180000000000003 1.15627046915
0.7190000000000003 1.15238910255
0.7200000000000003 1.09276694798
0.7210000000000003 1.15873112238
0.7220000000000003 1.14901418229
0.7230000000000003 1.13450843938
0.7240000000000003 1.19590508946
0.7250000000000003 1.15991986231
0.7260000000000003 1.08038833815
0.7270000000000003 1.13888657676
0.7280000000000003 1.14462336909
0.7290000000000003 1.13178061123
0.7300000000000003 1.17507351341
0.7310000000000003 1.07683581415
0.7320000000000003 1.13157049696
0.7330000000000003 1.06376766976
0.7340000000000003 1.08267591026
0.7350000000000003 1.0869061449
0.7360000000000003 1.08415138322
0.7370000000000003 1.11292493225
0.7380000000000003 1.07093791392
0.7390000000000003 1.07850915395
0.7400000000000003 1.11006710864
0.7410000000000003 1.07718539258
0.7420000000000003 1.0781368245
0.7430000000000003 1.03531920567
0.7440000000000003 0.991082239545
0.7450000000000003 1.05527423586
0.7460000000000003 1.04666547189
0.7470000000000003 1.12430028686
0.7480000000000003 1.07385684408
0.7490000000000003 1.05084144939
0.7500000000000003 1.01370097538
0.7510000000000003 1.01343148511
0.7520000000000003 1.04551143092
0.7530000000000003 1.06642937582
0.7540000000000003 1.02231156285
0.7550000000000003 1.05506223627
0.7560000000000003 0.98596255603
0.7570000000000003 1.06935988523
0.7580000000000003 1.05206259425
0.7590000000000003 1.0159042412
0.7600000000000003 0.996828389919
0.7610000000000003 0.988917754965
0.7620000000000003 0.965656548834
0.7630000000000003 0.991672037013
0.7640000000000003 0.949816439838
0.7650000000000003 1.02647014291
0.7660000000000003 0.992033391006
0.7670000000000003 0.960054933249
0.7680000000000003 0.933392362199
0.7690000000000003 0.999104457456
0.7700000000000004 1.00223727723
0.7710000000000004 0.970016581162
0.7720000000000004 0.900518736191
0.7730000000000004 0.961066939864
0.7740000000000004 0.920265126994
0.7750000000000004 0.974968709254
0.7760000000000004 0.885299972507
0.7770000000000004 0.903210278263
0.7780000000000004 0.979503828777
0.7790000000000004 0.955092248669
0.7800000000000004 0.879374608186
0.7810000000000004 0.894071043545
0.7820000000000004 0.868390442417
0.7830000000000004 0.885072090438
0.7840000000000004 0.880211567093
0.7850000000000004 0.886770244008
0.7860000000000004 0.892522328547
0.7870000000000004 0.871929031225
0.7880000000000004 0.891910982318
0.7890000000000004 0.891761340184
0.7900000000000004 0.895374953474
0.7910000000000004 0.857544901431
0.7920000000000004 0.927557022377
0.7930000000000004 0.827390397065
0.7940000000000004 0.872562670217
0.7950000000000004 0.836774045775
0.7960000000000004 0.781922952731
0.7970000000000004 0.819010138398
0.7980000000000004 0.851992485696
0.7990000000000004 0.849940122848
0.8000000000000004 0.8530183196
0.8010000000000004 0.832745709674
0.8020000000000004 0.772651573893
0.8030000000000004 0.775961566687
0.8040000000000004 0.791586819619
0.8050000000000004 0.765794050082
0.8060000000000004 0.806736963814
0.8070000000000004 0.809685954787
0.8080000000000004 0.846271303044
0.8090000000000004 0.826772028631
0.8100000000000004 0.823418223317
0.8110000000000004 0.816678178852
0.8120000000000004 0.794770979154
0.8130000000000004 0.839848699502
0.8140000000000004 0.777899648949
0.8150000000000004 0.788611997971
0.8160000000000004 0.752469842673
0.8170000000000004 0.735180691083
0.8180000000000004 0.760029467723
0.8190000000000004 0.763736271777
0.8200000000000004 0.708534374241
0.8210000000000004 0.734381364223
0.8220000000000004 0.679818433431
0.8230000000000004 0.761284588993
0.8240000000000004 0.739833514704
0.8250000000000004 0.78189098653
0.8260000000000004 0.78806746409
0.8270000000000004 0.746967957491
0.8280000000000004 0.701526775583
0.8290000000000004 0.66383903124
0.8300000000000004 0.72315653838
0.8310000000000004 0.668648157084
0.8320000000000004 0.671036418191
0.8330000000000004 0.738398253925
0.8340000000000004 0.655361517547
0.8350000000000004 0.7884419166
0.8360000000000004 0.657266163553
0.8370000000000004 0.716244560205
0.8380000000000004 0.657771357545
0.8390000000000004 0.754275075398
0.8400000000000004 0.645729564375
0.8410000000000004 0.708391536268
0.8420000000000004 0.627538367871
0.8430000000000004 0.724086459295
0.8440000000000004 0.660902597861
0.8450000000000004 0.633814775703
0.8460000000000004 0.64880036474
0.8470000000000004 0.640858094043
0.8480000000000004 0.658361770066
0.8490000000000004 0.732734903914
0.8500000000000004 0.665970105215
0.8510000000000004 0.647003436528
0.8520000000000004 0.642810712342
0.8530000000000004 0.67686315985
0.8540000000000004 0.643473117265
0.8550000000000004 0.619228281167
0.8560000000000004 0.583487405588
0.8570000000000004 0.605998506109
0.8580000000000004 0.687133062522
0.8590000000000004 0.620237853587
0.8600000000000004 0.577417204023
0.8610000000000004 0.606512511795
0.8620000000000004 0.589751940419
0.8630000000000004 0.610809652431
0.8640000000000004 0.559986053391
0.8650000000000004 0.584327575327
0.8660000000000004 0.621202099826
0.8670000000000004 0.598239131314
0.8680000000000004 0.54836298701
0.8690000000000004 0.587118099833
0.8700000000000004 0.567055912094
0.8710000000000004 0.645052352419
0.8720000000000004 0.553915955268
0.8730000000000004 0.592443838039
0.8740000000000004 0.552558000293
0.8750000000000004 0.618064550537
0.8760000000000004 0.586290231549
0.8770000000000004 0.501027812822
0.8780000000000004 0.523434978743
0.8790000000000004 0.594093786014
0.8800000000000004 0.571276906871
0.8810000000000004 0.587226649342
0.8820000000000005 0.562759259983
0.8830000000000005 0.504803736419
0.8840000000000005 0.542512592089
0.8850000000000005 0.549589423064
0.8860000000000005 0.553281987564
0.8870000000000005 0.4931335294
0.8880000000000005 0.52628990329
0.8890000000000005 0.525522861765
0.8900000000000005 0.537457846017
0.8910000000000005 0.473409648416
0.8920000000000005 0.529239823148
0.8930000000000005 0.500178503649
0.8940000000000005 0.528053944424
0.8950000000000005 0.460910595913
0.8960000000000005 0.513393192704
0.8970000000000005 0.459935675674
0.8980000000000005 0.476777166828
0.8990000000000005 0.456104366982
0.9000000000000005 0.501317111544
