0.3 0.25
0.301 0.00035
0.302 0.003825
0.303 0.0005625
0.304 1.25e-05
0.305 0.002075
0.306 0.00315
0.307 0.0021375
0.308 0.0004125
0.309 0.0012375
0.31 0.003875
0.311 0.0014375
0.312 0.0018625
0.313 0.007225
0.314 0.0011375
0.315 0.00265
0.316 0.0015375
0.317 0.004425
0.318 0.0048625
0.319 0.00175
0.32 0.001175
0.321 0.001375
0.322 0.0001375
0.323 0.00795
0.324 0.0047375
0.325 0.00145
0.326 0.0007125
0.327 0.0036375
0.328 0.009475
0.329 0.0054
0.33 0.00065
0.331 0.0038875
0.332 0.002575
0.333 0.00025
0.334 0.003075
0.335 0.0080875
0.336 0.002175
0.337 0.0031625
0.338 0.005025
0.339 0.0093625
0.34 0.003625
0.341 0.0048125
0.342 0.005175
0.343 0.0056
0.34400000000000003 0.0081375
0.34500000000000003 0.0034625
0.34600000000000003 0.001225
0.34700000000000003 0.0025625
0.34800000000000003 0.000875
0.34900000000000003 0.0007375
0.35000000000000003 0.0063875
0.35100000000000003 0.0003625
0.35200000000000004 0.0022625
0.35300000000000004 0.0009875
0.35400000000000004 0.0093125
0.35500000000000004 0.0008125
0.35600000000000004 8.75e-05
0.35700000000000004 0.0033625
0.35800000000000004 0.002225
0.35900000000000004 0.000325
0.36000000000000004 0.0009625
0.36100000000000004 0.0038375
0.36200000000000004 0.0052
0.36300000000000004 0.0055
0.36400000000000005 0.00425
0.36500000000000005 0.0092625
0.36600000000000005 0.002425
0.36700000000000005 0.0015375
0.36800000000000005 0.0051
0.36900000000000005 0.00695
0.37000000000000005 0.0120875
0.37100000000000005 0.0018875
0.37200000000000005 0.00245
0.37300000000000005 0.000275
0.37400000000000005 0.0021125
0.37500000000000006 0.001775
0.37600000000000006 0.000725
0.37700000000000006 0.0014125
0.37800000000000006 0.003275
0.37900000000000006 0.0010375
0.38000000000000006 0.00265
0.38100000000000006 0.004225
0.38200000000000006 0.001075
0.38300000000000006 0.0012625
0.38400000000000006 0.0028125
0.38500000000000006 0.0099625
0.38600000000000007 0.001725
0.38700000000000007 0.0017625
0.38800000000000007 0.0018125
0.38900000000000007 0.0178625
0.39000000000000007 0.0026375
0.39100000000000007 0.0118875
0.39200000000000007 0.00205
0.39300000000000007 0.0012
0.3940000000000001 0.0164125
0.3950000000000001 0.0038125
0.3960000000000001 0.0045375
0.3970000000000001 0.00445
0.3980000000000001 0.0061
0.3990000000000001 0.0002375
0.4000000000000001 0.001375
0.4010000000000001 0.0007375
0.4020000000000001 0.0043875
0.4030000000000001 0.0017125
0.4040000000000001 0.0006875
0.4050000000000001 0.0004
0.4060000000000001 0.0006125
0.4070000000000001 0.0090125
0.4080000000000001 0.0051625
0.4090000000000001 0.004825
0.4100000000000001 0.00655
0.4110000000000001 0.0101375
0.4120000000000001 0.0025625
0.4130000000000001 0.004475
0.4140000000000001 0.004075
0.4150000000000001 0.0106375
0.4160000000000001 0.000425
0.4170000000000001 0.0046625
0.4180000000000001 0.0103
0.4190000000000001 0.005375
0.4200000000000001 0.0025375
0.4210000000000001 0.0149375
0.4220000000000001 0.009375
0.4230000000000001 0.00015
0.4240000000000001 0.008275
0.4250000000000001 0.0091875
0.4260000000000001 0.0034125
0.4270000000000001 0.0078875
0.4280000000000001 0.0016125
0.4290000000000001 0.0032875
0.4300000000000001 0.0035125
0.4310000000000001 0.0036375
0.4320000000000001 0.010275
0.4330000000000001 0.0018875
0.4340000000000001 0.00285
0.4350000000000001 0.023525
0.4360000000000001 0.0028375
0.4370000000000001 0.0098625
0.4380000000000001 0.0114125
0.4390000000000001 0.003375
0.4400000000000001 0.008
0.4410000000000001 0.00175
0.4420000000000001 0.00105
0.4430000000000001 0.0102
0.4440000000000001 0.002875
0.4450000000000001 0.0070125
0.4460000000000001 0.0060125
0.4470000000000001 0.0036375
0.4480000000000001 0.0035375
0.4490000000000001 0.0030375
0.4500000000000001 0.0012
0.4510000000000001 0.0029125
0.4520000000000001 0.0040375
0.4530000000000001 0.0084
0.4540000000000001 0.0033625
0.4550000000000001 0.008025
0.4560000000000001 0.002675
0.45700000000000013 0.022125
0.45800000000000013 0.0023375
0.45900000000000013 0.00835
0.46000000000000013 0.0135625
0.46100000000000013 0.0080875
0.46200000000000013 0.0083375
0.46300000000000013 0.0004375
0.46400000000000013 0.00305
0.46500000000000014 0.002775
0.46600000000000014 0.0096125
0.46700000000000014 0.0075625
0.46800000000000014 0.00815
0.46900000000000014 0.0262125
0.47000000000000014 0.0169625
0.47100000000000014 0.00575
0.47200000000000014 0.001875
0.47300000000000014 0.0129125
0.47400000000000014 0.01535
0.47500000000000014 0.0192375
0.47600000000000015 0.0271875
0.47700000000000015 0.0103
0.47800000000000015 0.0115875
0.47900000000000015 0.0072375
0.48000000000000015 0.002775
0.48100000000000015 0.00315
0.48200000000000015 0.0027125
0.48300000000000015 0.0031
0.48400000000000015 0.005175
0.48500000000000015 0.001825
0.48600000000000015 0.003125
0.48700000000000015 0.002925
0.48800000000000016 0.0008
0.48900000000000016 0.017275
0.49000000000000016 0.0144375
0.49100000000000016 0.0109
0.49200000000000016 0.0143625
0.49300000000000016 0.0084
0.49400000000000016 0.0145375
0.49500000000000016 0.0135875
0.49600000000000016 0.0141875
0.49700000000000016 0.0215375
0.49800000000000016 0.0069
0.49900000000000017 0.0088
0.5000000000000001 0.0108
0.5010000000000001 0.010475
0.5020000000000001 0.017875
0.5030000000000001 0.0096875
0.5040000000000001 0.008375
0.5050000000000001 0.00665
0.5060000000000001 0.023025
0.5070000000000001 0.019475
0.5080000000000001 0.00685
0.5090000000000001 0.0120875
0.5100000000000001 0.00045
0.5110000000000001 0.0195875
0.5120000000000001 0.0087625
0.5130000000000001 0.0021875
0.5140000000000001 2.5e-05
0.5150000000000001 0.0282125
0.5160000000000001 0.008475
0.5170000000000001 0.02505
0.5180000000000001 0.018625
0.5190000000000001 0.0147125
0.5200000000000001 0.0052
0.5210000000000001 0.0167625
0.5220000000000001 0.0029125
0.5230000000000001 0.0022
0.5240000000000001 0.0223375
0.5250000000000001 0.0019375
0.5260000000000001 0.0068375
0.5270000000000001 0.037375
0.5280000000000001 0.0114125
0.5290000000000001 0.0209125
0.5300000000000001 0.0084875
0.5310000000000001 1.25e-05
0.5320000000000001 0.00075
0.5330000000000001 0.0051
0.5340000000000001 0.0138625
0.5350000000000001 0.00745
0.5360000000000001 0.018875
0.5370000000000001 0.00725
0.5380000000000001 0.012125
0.5390000000000001 0.017375
0.5400000000000001 0.0149
0.5410000000000001 0.0052375
0.5420000000000001 0.0039875
0.5430000000000001 0.0524125
0.5440000000000002 0.0121125
0.5450000000000002 0.0504125
0.5460000000000002 0.0108875
0.5470000000000002 0.039125
0.5480000000000002 0.0201875
0.5490000000000002 0.0267625
0.5500000000000002 0.021675
0.5510000000000002 0.0042625
0.5520000000000002 0.01
0.5530000000000002 0.0042375
0.5540000000000002 0.0103375
0.5550000000000002 0.019575
0.5560000000000002 0.014075
0.5570000000000002 0.0263875
0.5580000000000002 0.0229125
0.5590000000000002 0.029225
0.5600000000000002 0.0130625
0.5610000000000002 0.010175
0.5620000000000002 0.027475
0.5630000000000002 0.0138
0.5640000000000002 0.019975
0.5650000000000002 0.0176625
0.5660000000000002 0.0319125
0.5670000000000002 0.0147375
0.5680000000000002 0.008675
0.5690000000000002 0.0421125
0.5700000000000002 0.0003625
0.5710000000000002 0.0027125
0.5720000000000002 0.01815
0.5730000000000002 0.008225
0.5740000000000002 0.0070625
0.5750000000000002 0.0087625
0.5760000000000002 0.0042625
0.5770000000000002 0.0137125
0.5780000000000002 0.01215
0.5790000000000002 0.005625
0.5800000000000002 0.00515
0.5810000000000002 0.0165
0.5820000000000002 0.0109875
0.5830000000000002 0.0183
0.5840000000000002 0.0214875
0.5850000000000002 0.01605
0.5860000000000002 0.0057375
0.5870000000000002 0.0024625
0.5880000000000002 0.0134
0.5890000000000002 0.0174375
0.5900000000000002 0.0263625
0.5910000000000002 0.0244625
0.5920000000000002 0.074325
0.5930000000000002 0.032525
0.5940000000000002 0.007175
0.5950000000000002 0.002525
0.5960000000000002 0.0029375
0.5970000000000002 0.0315875
0.5980000000000002 0.0403875
0.5990000000000002 0.01795
0.6000000000000002 0.024025
0.6010000000000002 0.0037625
0.6020000000000002 0.0156375
0.6030000000000002 0.0622625
0.6040000000000002 0.0299375
0.6050000000000002 0.0008875
0.6060000000000002 0.0136375
0.6070000000000002 0.0173875
0.6080000000000002 0.0402625
0.6090000000000002 0.000525
0.6100000000000002 0.0345375
0.6110000000000002 0.0287375
0.6120000000000002 0.0109875
0.6130000000000002 0.0292125
0.6140000000000002 0.033925
0.6150000000000002 0.0124625
0.6160000000000002 0.01465
0.6170000000000002 7.5e-05
0.6180000000000002 0.0376125
0.6190000000000002 0.0089375
0.6200000000000002 0.011025
0.6210000000000002 0.0558875
0.6220000000000002 0.0125625
0.6230000000000002 0.0682625
0.6240000000000002 0.0168125
0.6250000000000002 0.0462375
0.6260000000000002 0.0341875
0.6270000000000002 0.0355875
0.6280000000000002 0.0027
0.6290000000000002 0.0401125
0.6300000000000002 0.006325
0.6310000000000002 0.0364625
0.6320000000000002 0.0457125
0.6330000000000002 0.01505
0.6340000000000002 0.0023875
0.6350000000000002 0.0304875
0.6360000000000002 0.0892
0.6370000000000002 0.005125
0.6380000000000002 0.0363375
0.6390000000000002 0.0054
0.6400000000000002 0.021175
0.6410000000000002 0.007925
0.6420000000000002 0.0049875
0.6430000000000002 0.0341
0.6440000000000002 0.0232375
0.6450000000000002 0.0431625
0.6460000000000002 0.01375
0.6470000000000002 0.02525
0.6480000000000002 0.1338
0.6490000000000002 0.0138375
0.6500000000000002 0.0182
0.6510000000000002 0.061775
0.6520000000000002 0.0152625
0.6530000000000002 0.0689375
0.6540000000000002 0.04365
0.6550000000000002 0.03665
0.6560000000000002 0.02465
0.6570000000000003 0.0344875
0.6580000000000003 0.013425
0.6590000000000003 0.0067875
0.6600000000000003 0.0433
0.6610000000000003 0.0191375
0.6620000000000003 0.004475
0.6630000000000003 0.046175
0.6640000000000003 0.004075
0.6650000000000003 0.0263125
0.6660000000000003 0.056025
0.6670000000000003 0.041
0.6680000000000003 0.0194625
0.6690000000000003 0.015225
0.6700000000000003 0.0105125
0.6710000000000003 0.0191875
0.6720000000000003 0.035525
0.6730000000000003 0.01035
0.6740000000000003 0.0512375
0.6750000000000003 0.0923375
0.6760000000000003 0.020225
0.6770000000000003 0.035975
0.6780000000000003 0.0423625
0.6790000000000003 0.0098875
0.6800000000000003 0.06695
0.6810000000000003 0.0287125
0.6820000000000003 0.09095
0.6830000000000003 0.035025
0.6840000000000003 0.0315625
0.6850000000000003 0.0372125
0.6860000000000003 0.0943125
0.6870000000000003 0.064825
0.6880000000000003 0.008075
0.6890000000000003 0.02865
0.6900000000000003 0.034325
0.6910000000000003 0.057775
0.6920000000000003 0.1047125
0.6930000000000003 0.01145
0.6940000000000003 0.057925
0.6950000000000003 0.008725
0.6960000000000003 0.01685
0.6970000000000003 0.0697
0.6980000000000003 0.0675
0.6990000000000003 0.043375
0.7000000000000003 0.0486625
0.7010000000000003 0.0231
0.7020000000000003 0.0359875
0.7030000000000003 0.0326125
0.7040000000000003 0.0159375
0.7050000000000003 0.072425
0.7060000000000003 0.0010625
0.7070000000000003 0.0690625
0.7080000000000003 0.0902
0.7090000000000003 0.10395
0.7100000000000003 0.0467125
0.7110000000000003 0.086625
0.7120000000000003 0.036575
0.7130000000000003 0.1075125
0.7140000000000003 0.066475
0.7150000000000003 0.0480875
0.7160000000000003 0.1155875
0.7170000000000003 0.0152875
0.7180000000000003 0.048375
0.7190000000000003 0.117
0.7200000000000003 0.043125
0.7210000000000003 0.030575
0.7220000000000003 0.0552125
0.7230000000000003 0.077375
0.7240000000000003 0.049425
0.7250000000000003 0.0758
0.7260000000000003 0.099425
0.7270000000000003 0.0523875
0.7280000000000003 0.04135
0.7290000000000003 0.12665
0.7300000000000003 0.052075
0.7310000000000003 0.0069375
0.7320000000000003 0.05775
0.7330000000000003 0.0183
0.7340000000000003 0.008175
0.7350000000000003 0.095375
0.7360000000000003 0.1040375
0.7370000000000003 0.08305
0.7380000000000003 0.0679625
0.7390000000000003 0.0475875
0.7400000000000003 0.0136375
0.7410000000000003 0.0883375
0.7420000000000003 0.011425
0.7430000000000003 0.2270375
0.7440000000000003 0.064325
0.7450000000000003 0.1094375
0.7460000000000003 0.1466125
0.7470000000000003 0.023425
0.7480000000000003 0.0525
0.7490000000000003 0.0636125
0.7500000000000003 0.0430375
0.7510000000000003 0.128675
0.7520000000000003 0.121375
0.7530000000000003 0.0325125
0.7540000000000003 0.14395
0.7550000000000003 0.1312
0.7560000000000003 0.004875
0.7570000000000003 0.0274625
0.7580000000000003 0.039625
0.7590000000000003 0.1109875
0.7600000000000003 0.0613375
0.7610000000000003 0.0302625
0.7620000000000003 0.0623625
0.7630000000000003 0.0050875
0.7640000000000003 0.01545
0.7650000000000003 0.029425
0.7660000000000003 0.002425
0.7670000000000003 0.0284875
0.7680000000000003 0.0256
0.7690000000000003 0.0112875
0.7700000000000004 0.0179
0.7710000000000004 0.072775
0.7720000000000004 0.1029875
0.7730000000000004 0.0992625
0.7740000000000004 0.20345
0.7750000000000004 0.0002
0.7760000000000004 0.091075
0.7770000000000004 0.047575
0.7780000000000004 0.029875
0.7790000000000004 0.1599875
0.7800000000000004 0.0407
0.7810000000000004 0.0025625
0.7820000000000004 0.1849625
0.7830000000000004 0.1584375
0.7840000000000004 0.2594125
0.7850000000000004 0.1923375
0.7860000000000004 0.0870125
0.7870000000000004 0.086125
0.7880000000000004 0.08215
0.7890000000000004 0.1044375
0.7900000000000004 0.056825
0.7910000000000004 0.0093
0.7920000000000004 0.07365
0.7930000000000004 0.0461875
0.7940000000000004 0.1065875
0.7950000000000004 0.0363
0.7960000000000004 0.033025
0.7970000000000004 0.07015
0.7980000000000004 0.104775
0.7990000000000004 0.1035375
0.8000000000000004 0.253225
0.8010000000000004 0.068675
0.8020000000000004 0.005525
0.8030000000000004 0.05155
0.8040000000000004 0.01425
0.8050000000000004 0.0742875
0.8060000000000004 0.0598625
0.8070000000000004 0.0838875
0.8080000000000004 0.0886875
0.8090000000000004 0.04765
0.8100000000000004 0.161225
0.8110000000000004 0.0015125
0.8120000000000004 0.01095
0.8130000000000004 0.0712125
0.8140000000000004 0.07695
0.8150000000000004 0.0147
0.8160000000000004 0.1217
0.8170000000000004 0.199525
0.8180000000000004 0.01215
0.8190000000000004 0.1910375
0.8200000000000004 0.011675
0.8210000000000004 0.0583625
0.8220000000000004 0.1618875
0.8230000000000004 0.064225
0.8240000000000004 0.155475
0.8250000000000004 0.033
0.8260000000000004 0.0509875
0.8270000000000004 0.2188625
0.8280000000000004 0.0556875
0.8290000000000004 0.0833375
0.8300000000000004 0.0286625
0.8310000000000004 0.0220625
0.8320000000000004 0.1465125
0.8330000000000004 0.2200125
0.8340000000000004 0.1337375
0.8350000000000004 0.1674375
0.8360000000000004 0.0438375
0.8370000000000004 0.141525
0.8380000000000004 0.0362375
0.8390000000000004 0.04175
0.8400000000000004 0.1029875
0.8410000000000004 0.203
0.8420000000000004 0.1254375
0.8430000000000004 0.0225875
0.8440000000000004 0.1753375
0.8450000000000004 0.0781125
0.8460000000000004 0.0934875
0.8470000000000004 0.0687375
0.8480000000000004 0.047975
0.8490000000000004 0.043575
0.8500000000000004 0.4911125
0.8510000000000004 0.10055
0.8520000000000004 0.1393875
0.8530000000000004 0.0237625
0.8540000000000004 0.101625
0.8550000000000004 0.2599
0.8560000000000004 0.2970875
0.8570000000000004 0.387275
0.8580000000000004 0.0726875
0.8590000000000004 0.0782
0.8600000000000004 0.1087125
0.8610000000000004 0.1659
0.8620000000000004 0.156675
0.8630000000000004 0.2494125
0.8640000000000004 0.41235
0.8650000000000004 0.2738375
0.8660000000000004 0.0285875
0.8670000000000004 0.0420625
0.8680000000000004 0.1579375
0.8690000000000004 0.1527375
0.8700000000000004 0.194675
0.8710000000000004 0.22815
0.8720000000000004 0.1199625
0.8730000000000004 0.1857875
0.8740000000000004 0.3213625
0.8750000000000004 0.1197125
0.8760000000000004 0.06305
0.8770000000000004 0.276975
0.8780000000000004 0.0392375
0.8790000000000004 0.222475
0.8800000000000004 0.1269375
0.8810000000000004 0.148875
0.8820000000000005 0.28105
0.8830000000000005 0.3476
0.8840000000000005 0.0068125
0.8850000000000005 0.271075
0.8860000000000005 0.26275
0.8870000000000005 0.2667875
0.8880000000000005 0.012275
0.8890000000000005 0.1287875
0.8900000000000005 0.2053625
0.8910000000000005 0.462275
0.8920000000000005 0.194475
0.8930000000000005 0.20365
0.8940000000000005 0.1828875
0.8950000000000005 0.136525
0.8960000000000005 0.01135
0.8970000000000005 0.3197375
0.8980000000000005 0.1298625
0.8990000000000005 0.0918625
0.9000000000000005 0.45298279828
