0.3 0.0
0.301 0.90092519
0.302 0.88049375
0.303 0.9021997975
0.304 0.8952228975
0.305 0.91992684
0.306 0.92182999
0.307 0.9119639775
0.308 0.9121109775
0.309 0.9183298975
0.31 0.910956
0.311 0.9015475975
0.312 0.9303986975
0.313 0.92918975
0.314 0.9276994375
0.315 0.90737831
0.316 0.9352619375
0.317 0.94252511
0.318 0.9500566775
0.319 0.94110896
0.32 0.93643676
0.321 0.95460991
0.322 0.9450957775
0.323 0.94707744
0.324 0.9944946975
0.325 0.95601524
0.326 0.9940167975
0.327 0.9719315775
0.328 0.98961775
0.329 0.97137464
0.33 0.97295511
0.331 1.0005956975
0.332 0.968361
0.333 1.00481159
0.334 0.99582984
0.335 0.9848069775
0.336 0.98550196
0.337 1.0066431775
0.338 0.98258456
0.339 1.0033838975
0.34 1.00987871
0.341 1.0228140975
0.342 1.01114751
0.343 1.03141199
0.34400000000000003 1.0151576775
0.34500000000000003 1.0264772775
0.34600000000000003 1.05897956
0.34700000000000003 1.0685800775
0.34800000000000003 1.02898511
0.34900000000000003 1.0537469375
0.35000000000000003 1.0593018775
0.35100000000000003 1.0641680975
0.35200000000000004 1.0540234975
0.35300000000000004 1.0616524375
0.35400000000000004 1.0811806775
0.35500000000000004 1.0663098975
0.35600000000000004 1.0698634775
0.35700000000000004 1.0797950775
0.35800000000000004 1.10176231
0.35900000000000004 1.09230759
0.36000000000000004 1.1077514975
0.36100000000000004 1.0789563775
0.36200000000000004 1.07456919
0.36300000000000004 1.08597604
0.36400000000000005 1.09179775
0.36500000000000005 1.1217279775
0.36600000000000005 1.09814936
0.36700000000000005 1.1028072975
0.36800000000000005 1.150175
0.36900000000000005 1.14810056
0.37000000000000005 1.1492881975
0.37100000000000005 1.1142458775
0.37200000000000005 1.13783775
0.37300000000000005 1.14217711
0.37400000000000005 1.1371183775
0.37500000000000006 1.14952856
0.37600000000000006 1.13946775
0.37700000000000006 1.1443130775
0.37800000000000006 1.12474464
0.37900000000000006 1.1299156775
0.38000000000000006 1.13860391
0.38100000000000006 1.16218599
0.38200000000000006 1.17680924
0.38300000000000006 1.1526035975
0.38400000000000006 1.1670761775
0.38500000000000006 1.1822991775
0.38600000000000007 1.18858116
0.38700000000000007 1.1528155775
0.38800000000000007 1.1736993975
0.38900000000000007 1.2129023975
0.39000000000000007 1.1915214775
0.39100000000000007 1.1872352775
0.39200000000000007 1.20994671
0.39300000000000007 1.18517964
0.3940000000000001 1.2316242975
0.3950000000000001 1.2192372975
0.3960000000000001 1.2048976975
0.3970000000000001 1.19082879
0.3980000000000001 1.237701
0.3990000000000001 1.2042065775
0.4000000000000001 1.21725
0.4010000000000001 1.2394857775
0.4020000000000001 1.2575125975
0.4030000000000001 1.2569823775
0.4040000000000001 1.2477609375
0.4050000000000001 1.24569399
0.4060000000000001 1.2622409975
0.4070000000000001 1.2536109375
0.4080000000000001 1.2599394375
0.4090000000000001 1.25946471
0.4100000000000001 1.252424
0.4110000000000001 1.2482694975
0.4120000000000001 1.2759734375
0.4130000000000001 1.30117471
0.4140000000000001 1.28324359
0.4150000000000001 1.2984348975
0.4160000000000001 1.29262384
0.4170000000000001 1.2965241975
0.4180000000000001 1.32112056
0.4190000000000001 1.30438436
0.4200000000000001 1.3155581975
0.4210000000000001 1.3241802775
0.4220000000000001 1.30811279
0.4230000000000001 1.31186896
0.4240000000000001 1.31229919
0.4250000000000001 1.3099274375
0.4260000000000001 1.3255996975
0.4270000000000001 1.3470251775
0.4280000000000001 1.3176909975
0.4290000000000001 1.3442060975
0.4300000000000001 1.3504081975
0.4310000000000001 1.3536294375
0.4320000000000001 1.34398079
0.4330000000000001 1.3647609375
0.4340000000000001 1.36578056
0.4350000000000001 1.40859564
0.4360000000000001 1.3861141775
0.4370000000000001 1.3835394375
0.4380000000000001 1.3681046975
0.4390000000000001 1.38906831
0.4400000000000001 1.42412551
0.4410000000000001 1.36627344
0.4420000000000001 1.38687671
0.4430000000000001 1.42046064
0.4440000000000001 1.40665831
0.4450000000000001 1.3917951975
0.4460000000000001 1.4629726975
0.4470000000000001 1.4253588975
0.4480000000000001 1.4064341775
0.4490000000000001 1.4077036975
0.4500000000000001 1.38885951
0.4510000000000001 1.4095319975
0.4520000000000001 1.4360420975
0.4530000000000001 1.41635636
0.4540000000000001 1.4369924975
0.4550000000000001 1.41381559
0.4560000000000001 1.46698119
0.45700000000000013 1.485591
0.45800000000000013 1.4205934975
0.45900000000000013 1.47662519
0.46000000000000013 1.4564402975
0.46100000000000013 1.4575389775
0.46200000000000013 1.4658998975
0.46300000000000013 1.4475745975
0.46400000000000013 1.47669264
0.46500000000000014 1.50932239
0.46600000000000014 1.4780325775
0.46700000000000014 1.5013894375
0.46800000000000014 1.50480056
0.46900000000000014 1.4525985775
0.47000000000000014 1.4765738775
0.47100000000000014 1.45122296
0.47200000000000014 1.49740975
0.47300000000000014 1.4839297975
0.47400000000000014 1.531044
0.47500000000000014 1.5130491975
0.47600000000000015 1.5184223975
0.47700000000000015 1.522284
0.47800000000000015 1.5485949775
0.47900000000000015 1.5258969375
0.48000000000000015 1.52533156
0.48100000000000015 1.50411236
0.48200000000000015 1.5438606975
0.48300000000000015 1.51042676
0.48400000000000015 1.537581
0.48500000000000015 1.55366456
0.48600000000000015 1.51017639
0.48700000000000015 1.52334775
0.48800000000000016 1.54047736
0.48900000000000016 1.53354036
0.49000000000000016 1.5508734375
0.49100000000000016 1.52032176
0.49200000000000016 1.5670994375
0.49300000000000016 1.52409039
0.49400000000000016 1.5336168975
0.49500000000000016 1.5433399375
0.49600000000000016 1.5915792775
0.49700000000000016 1.5396399375
0.49800000000000016 1.56066471
0.49900000000000017 1.54445084
0.5000000000000001 1.53976576
0.5010000000000001 1.59380436
0.5020000000000001 1.56700824
0.5030000000000001 1.5542596775
0.5040000000000001 1.59491991
0.5050000000000001 1.571146
0.5060000000000001 1.58938311
0.5070000000000001 1.57129975
0.5080000000000001 1.59532551
0.5090000000000001 1.6146920975
0.5100000000000001 1.60708156
0.5110000000000001 1.5691348775
0.5120000000000001 1.5875317775
0.5130000000000001 1.6224075975
0.5140000000000001 1.59711076
0.5150000000000001 1.5960354775
0.5160000000000001 1.60168156
0.5170000000000001 1.59989799
0.5180000000000001 1.57763524
0.5190000000000001 1.6090984975
0.5200000000000001 1.60078399
0.5210000000000001 1.6010994975
0.5220000000000001 1.5886458975
0.5230000000000001 1.61788591
0.5240000000000001 1.6022584775
0.5250000000000001 1.5982990775
0.5260000000000001 1.6058578975
0.5270000000000001 1.59629696
0.5280000000000001 1.6129841975
0.5290000000000001 1.6063082975
0.5300000000000001 1.5958801775
0.5310000000000001 1.6225444375
0.5320000000000001 1.580975
0.5330000000000001 1.60142431
0.5340000000000001 1.5844110775
0.5350000000000001 1.60161975
0.5360000000000001 1.60527975
0.5370000000000001 1.60342376
0.5380000000000001 1.59035975
0.5390000000000001 1.621306
0.5400000000000001 1.57618636
0.5410000000000001 1.5999450775
0.5420000000000001 1.5783345975
0.5430000000000001 1.5941564975
0.5440000000000002 1.6204634775
0.5450000000000002 1.5772251775
0.5460000000000002 1.6168722775
0.5470000000000002 1.61975775
0.5480000000000002 1.5956085775
0.5490000000000002 1.6423886775
0.5500000000000002 1.59246896
0.5510000000000002 1.6007680975
0.5520000000000002 1.56493231
0.5530000000000002 1.5900424375
0.5540000000000002 1.5764252775
0.5550000000000002 1.616746
0.5560000000000002 1.60714919
0.5570000000000002 1.5893736775
0.5580000000000002 1.6129057775
0.5590000000000002 1.59655191
0.5600000000000002 1.6184124375
0.5610000000000002 1.59571431
0.5620000000000002 1.56398711
0.5630000000000002 1.57833284
0.5640000000000002 1.58038111
0.5650000000000002 1.5699218975
0.5660000000000002 1.5282357775
0.5670000000000002 1.5519849775
0.5680000000000002 1.55668856
0.5690000000000002 1.5845564975
0.5700000000000002 1.5824469375
0.5710000000000002 1.5732544975
0.5720000000000002 1.582501
0.5730000000000002 1.552059
0.5740000000000002 1.5750378975
0.5750000000000002 1.5395594375
0.5760000000000002 1.5235114775
0.5770000000000002 1.5287850975
0.5780000000000002 1.55380919
0.5790000000000002 1.53683719
0.5800000000000002 1.53834784
0.5810000000000002 1.52009791
0.5820000000000002 1.5398177975
0.5830000000000002 1.52893616
0.5840000000000002 1.5234734975
0.5850000000000002 1.52635244
0.5860000000000002 1.5210549375
0.5870000000000002 1.5154260975
0.5880000000000002 1.54690036
0.5890000000000002 1.5128081975
0.5900000000000002 1.4992348775
0.5910000000000002 1.5210701775
0.5920000000000002 1.46860424
0.5930000000000002 1.49845336
0.5940000000000002 1.49207476
0.5950000000000002 1.45243399
0.5960000000000002 1.5012067775
0.5970000000000002 1.4718653775
0.5980000000000002 1.5133452775
0.5990000000000002 1.498646
0.6000000000000002 1.48134599
0.6010000000000002 1.4500285775
0.6020000000000002 1.4462990775
0.6030000000000002 1.4930379975
0.6040000000000002 1.4115859375
0.6050000000000002 1.4172349975
0.6060000000000002 1.4493651975
0.6070000000000002 1.4394007775
0.6080000000000002 1.4246785775
0.6090000000000002 1.44056359
0.6100000000000002 1.3843933975
0.6110000000000002 1.4358415775
0.6120000000000002 1.4399474375
0.6130000000000002 1.3781994375
0.6140000000000002 1.473089
0.6150000000000002 1.3851991975
0.6160000000000002 1.35675679
0.6170000000000002 1.36134204
0.6180000000000002 1.4008157775
0.6190000000000002 1.3785931975
0.6200000000000002 1.376599
0.6210000000000002 1.3754219375
0.6220000000000002 1.3650955775
0.6230000000000002 1.3289276775
0.6240000000000002 1.3139926775
0.6250000000000002 1.2890623975
0.6260000000000002 1.2949710775
0.6270000000000002 1.3223629775
0.6280000000000002 1.37271775
0.6290000000000002 1.3320788975
0.6300000000000002 1.33694304
0.6310000000000002 1.3709598975
0.6320000000000002 1.3092586975
0.6330000000000002 1.32334431
0.6340000000000002 1.2852734375
0.6350000000000002 1.3329170775
0.6360000000000002 1.27555004
0.6370000000000002 1.25245884
0.6380000000000002 1.2625031775
0.6390000000000002 1.28291256
0.6400000000000002 1.26097159
0.6410000000000002 1.269019
0.6420000000000002 1.1857158975
0.6430000000000002 1.26956775
0.6440000000000002 1.2353109375
0.6450000000000002 1.2369609975
0.6460000000000002 1.22816111
0.6470000000000002 1.16853364
0.6480000000000002 1.24552184
0.6490000000000002 1.2325055975
0.6500000000000002 1.19162824
0.6510000000000002 1.200511
0.6520000000000002 1.1781738975
0.6530000000000002 1.1787619775
0.6540000000000002 1.193771
0.6550000000000002 1.14223239
0.6560000000000002 1.22741064
0.6570000000000003 1.1651021975
0.6580000000000003 1.16496044
0.6590000000000003 1.1513215975
0.6600000000000003 1.13465304
0.6610000000000003 1.1240160775
0.6620000000000003 1.14514375
0.6630000000000003 1.15570476
0.6640000000000003 1.09045991
0.6650000000000003 1.1420999375
0.6660000000000003 1.19471951
0.6670000000000003 1.11282399
0.6680000000000003 1.0702920775
0.6690000000000003 1.059346
0.6700000000000003 1.1013059775
0.6710000000000003 1.0978631975
0.6720000000000003 1.07273956
0.6730000000000003 1.10420231
0.6740000000000003 1.0857124375
0.6750000000000003 0.9974358775
0.6760000000000003 1.02861756
0.6770000000000003 1.02368351
0.6780000000000003 0.9861013775
0.6790000000000003 0.9704821775
0.6800000000000003 1.00022511
0.6810000000000003 1.0150442775
0.6820000000000003 0.99739279
0.6830000000000003 1.05126564
0.6840000000000003 1.0091855975
0.6850000000000003 0.9703484375
0.6860000000000003 0.9488126775
0.6870000000000003 0.98006696
0.6880000000000003 0.99710679
0.6890000000000003 0.91672636
0.6900000000000003 0.94308759
0.6910000000000003 0.90712784
0.6920000000000003 0.8765193775
0.6930000000000003 0.951089
0.6940000000000003 0.92590951
0.6950000000000003 0.88425584
0.6960000000000003 0.84263559
0.6970000000000003 0.87388116
0.6980000000000003 0.92121775
0.6990000000000003 0.86022519
0.7000000000000003 0.8834197975
0.7010000000000003 0.85891484
0.7020000000000003 0.9056950975
0.7030000000000003 0.8593086775
0.7040000000000003 0.8234219975
0.7050000000000003 0.83121216
0.7060000000000003 0.7569149375
0.7070000000000003 0.8434727775
0.7080000000000003 0.84479319
0.7090000000000003 0.78277679
0.7100000000000003 0.7926345975
0.7110000000000003 0.79539551
0.7120000000000003 0.77224039
0.7130000000000003 0.7781912775
0.7140000000000003 0.805825
0.7150000000000003 0.7735593975
0.7160000000000003 0.7429619775
0.7170000000000003 0.7761225975
0.7180000000000003 0.75120351
0.7190000000000003 0.745875
0.7200000000000003 0.70617936
0.7210000000000003 0.75293519
0.7220000000000003 0.7223561775
0.7230000000000003 0.70858839
0.7240000000000003 0.76070199
0.7250000000000003 0.75431559
0.7260000000000003 0.653475
0.7270000000000003 0.7355644975
0.7280000000000003 0.72190224
0.7290000000000003 0.71531151
0.7300000000000003 0.72572631
0.7310000000000003 0.6658624375
0.7320000000000003 0.69829479
0.7330000000000003 0.65110391
0.7340000000000003 0.64591576
0.7350000000000003 0.66285176
0.7360000000000003 0.6414390775
0.7370000000000003 0.69406975
0.7380000000000003 0.6468736975
0.7390000000000003 0.6447724375
0.7400000000000003 0.6879489775
0.7410000000000003 0.6341069375
0.7420000000000003 0.64764884
0.7430000000000003 0.5721508775
0.7440000000000003 0.55417231
0.7450000000000003 0.5855234375
0.7460000000000003 0.6009344375
0.7470000000000003 0.66979416
0.7480000000000003 0.60887959
0.7490000000000003 0.6143197975
0.7500000000000003 0.5510049375
0.7510000000000003 0.578481
0.7520000000000003 0.58929375
0.7530000000000003 0.6005234375
0.7540000000000003 0.56138284
0.7550000000000003 0.58604919
0.7560000000000003 0.551275
0.7570000000000003 0.6054874975
0.7580000000000003 0.57983975
0.7590000000000003 0.5353424375
0.7600000000000003 0.5518714775
0.7610000000000003 0.5315807975
0.7620000000000003 0.5146513775
0.7630000000000003 0.5327482975
0.7640000000000003 0.496311
0.7650000000000003 0.57350711
0.7660000000000003 0.50563476
0.7670000000000003 0.5015519375
0.7680000000000003 0.49267836
0.7690000000000003 0.5417132775
0.7700000000000004 0.520859
0.7710000000000004 0.495339
0.7720000000000004 0.4585862975
0.7730000000000004 0.4971997975
0.7740000000000004 0.45711644
0.7750000000000004 0.50927144
0.7760000000000004 0.43938896
0.7770000000000004 0.43402871
0.7780000000000004 0.52077344
0.7790000000000004 0.4839845775
0.7800000000000004 0.41277919
0.7810000000000004 0.4215296775
0.7820000000000004 0.4292167775
0.7830000000000004 0.4313594375
0.7840000000000004 0.4294215975
0.7850000000000004 0.4379265975
0.7860000000000004 0.4535227975
0.7870000000000004 0.41005271
0.7880000000000004 0.43399975
0.7890000000000004 0.4237521975
0.7900000000000004 0.42856144
0.7910000000000004 0.39687604
0.7920000000000004 0.45641959
0.7930000000000004 0.3774424375
0.7940000000000004 0.4082778975
0.7950000000000004 0.38949919
0.7960000000000004 0.341959
0.7970000000000004 0.36597775
0.7980000000000004 0.36728976
0.7990000000000004 0.3823801975
0.8000000000000004 0.37589999
0.8010000000000004 0.39170511
0.8020000000000004 0.32605831
0.8030000000000004 0.33092639
0.8040000000000004 0.33218711
0.8050000000000004 0.3184791975
0.8060000000000004 0.3481652775
0.8070000000000004 0.3456408975
0.8080000000000004 0.3497071975
0.8090000000000004 0.34644024
0.8100000000000004 0.37479724
0.8110000000000004 0.3592181975
0.8120000000000004 0.33801404
0.8130000000000004 0.3821523775
0.8140000000000004 0.32601959
0.8150000000000004 0.33443796
0.8160000000000004 0.29804319
0.8170000000000004 0.30225984
0.8180000000000004 0.30183376
0.8190000000000004 0.3316945775
0.8200000000000004 0.27389256
0.8210000000000004 0.2847094775
0.8220000000000004 0.2564008775
0.8230000000000004 0.31261599
0.8240000000000004 0.30332704
0.8250000000000004 0.32862671
0.8260000000000004 0.3399272975
0.8270000000000004 0.3157131775
0.8280000000000004 0.2703210975
0.8290000000000004 0.2448815975
0.8300000000000004 0.2941030775
0.8310000000000004 0.2703864975
0.8320000000000004 0.2693109375
0.8330000000000004 0.2944417975
0.8340000000000004 0.2489535775
0.8350000000000004 0.3151016775
0.8360000000000004 0.2668376975
0.8370000000000004 0.26469404
0.8380000000000004 0.2401689775
0.8390000000000004 0.30382519
0.8400000000000004 0.2319453975
0.8410000000000004 0.28257071
0.8420000000000004 0.2212980775
0.8430000000000004 0.2911424375
0.8440000000000004 0.2685332775
0.8450000000000004 0.2292280975
0.8460000000000004 0.2499896975
0.8470000000000004 0.2351734375
0.8480000000000004 0.25309375
0.8490000000000004 0.28473416
0.8500000000000004 0.2544858775
0.8510000000000004 0.225869
0.8520000000000004 0.2314357775
0.8530000000000004 0.2589512975
0.8540000000000004 0.22771975
0.8550000000000004 0.21662919
0.8560000000000004 0.1904268775
0.8570000000000004 0.215946
0.8580000000000004 0.2390781775
0.8590000000000004 0.21785996
0.8600000000000004 0.2067949375
0.8610000000000004 0.19830479
0.8620000000000004 0.19221764
0.8630000000000004 0.2223644975
0.8640000000000004 0.18031031
0.8650000000000004 0.1866282975
0.8660000000000004 0.2168724375
0.8670000000000004 0.1968342775
0.8680000000000004 0.1706870775
0.8690000000000004 0.2009653975
0.8700000000000004 0.17226716
0.8710000000000004 0.21918831
0.8720000000000004 0.1758832975
0.8730000000000004 0.1942750775
0.8740000000000004 0.1947119375
0.8750000000000004 0.2310192975
0.8760000000000004 0.189125
0.8770000000000004 0.14962839
0.8780000000000004 0.1734996775
0.8790000000000004 0.20286775
0.8800000000000004 0.1840269375
0.8810000000000004 0.19234364
0.8820000000000005 0.17872496
0.8830000000000005 0.15011184
0.8840000000000005 0.1649234375
0.8850000000000005 0.16555
0.8860000000000005 0.18302304
0.8870000000000005 0.1322294375
0.8880000000000005 0.17058284
0.8890000000000005 0.1569693775
0.8900000000000005 0.1876827975
0.8910000000000005 0.14397556
0.8920000000000005 0.16131351
0.8930000000000005 0.15424079
0.8940000000000005 0.1658731975
0.8950000000000005 0.13393711
0.8960000000000005 0.15482336
0.8970000000000005 0.1335503775
0.8980000000000005 0.1576730975
0.8990000000000005 0.1306069375
0.9000000000000005 0.143827929148
