0.3 0.0
0.301 0.0969221222428
0.302 0.0969284528523
0.303 0.100020518711
0.304 0.101236386626
0.305 0.0995064537915
0.306 0.099417100434
0.307 0.106260489177
0.308 0.102343338357
0.309 0.104279603527
0.31 0.106345674973
0.311 0.103793421486
0.312 0.10411414052
0.313 0.105090164453
0.314 0.109199905376
0.315 0.106739264796
0.316 0.109606239315
0.317 0.110254351053
0.318 0.10926620831
0.319 0.109059977768
0.32 0.107959275601
0.321 0.117150136081
0.322 0.113059010821
0.323 0.112424803958
0.324 0.112030451461
0.325 0.120324999873
0.326 0.117529825433
0.327 0.116857802346
0.328 0.117350489576
0.329 0.117464577215
0.33 0.121405042842
0.331 0.120655767328
0.332 0.122896506924
0.333 0.12442376779
0.334 0.125654182923
0.335 0.127991476073
0.336 0.127629144413
0.337 0.124243129975
0.338 0.127783818898
0.339 0.128926815578
0.34 0.128895395871
0.341 0.131058027925
0.342 0.130408476892
0.343 0.133492833092
0.34400000000000003 0.133220666553
0.34500000000000003 0.130590877968
0.34600000000000003 0.133184291944
0.34700000000000003 0.133444445485
0.34800000000000003 0.136793187422
0.34900000000000003 0.142738449819
0.35000000000000003 0.137649655181
0.35100000000000003 0.140690590103
0.35200000000000004 0.138078235927
0.35300000000000004 0.141667998794
0.35400000000000004 0.143415399473
0.35500000000000004 0.148914761634
0.35600000000000004 0.143945068836
0.35700000000000004 0.14426892848
0.35800000000000004 0.143093008569
0.35900000000000004 0.145020433469
0.36000000000000004 0.150556237338
0.36100000000000004 0.148153891445
0.36200000000000004 0.146699222316
0.36300000000000004 0.14915128612
0.36400000000000005 0.15248821916
0.36500000000000005 0.152137552509
0.36600000000000005 0.154668066923
0.36700000000000005 0.157448765963
0.36800000000000005 0.157897446012
0.36900000000000005 0.157969127328
0.37000000000000005 0.159494553108
0.37100000000000005 0.16024897451
0.37200000000000005 0.157486065264
0.37300000000000005 0.161679926205
0.37400000000000005 0.160510422332
0.37500000000000006 0.164428956921
0.37600000000000006 0.163197778738
0.37700000000000006 0.167748902168
0.37800000000000006 0.167582506557
0.37900000000000006 0.166985541981
0.38000000000000006 0.169847750173
0.38100000000000006 0.170477475894
0.38200000000000006 0.180211054027
0.38300000000000006 0.174034251087
0.38400000000000006 0.177787648214
0.38500000000000006 0.177040412584
0.38600000000000007 0.174611742987
0.38700000000000007 0.179458258185
0.38800000000000007 0.181691740112
0.38900000000000007 0.181008363124
0.39000000000000007 0.181990625877
0.39100000000000007 0.179280764756
0.39200000000000007 0.183781629593
0.39300000000000007 0.184566033659
0.3940000000000001 0.188688622837
0.3950000000000001 0.190167833098
0.3960000000000001 0.188385339722
0.3970000000000001 0.20158813364
0.3980000000000001 0.195072909049
0.3990000000000001 0.194616155847
0.4000000000000001 0.193637865585
0.4010000000000001 0.194763419054
0.4020000000000001 0.19972703753
0.4030000000000001 0.20246220763
0.4040000000000001 0.206009472413
0.4050000000000001 0.203457551746
0.4060000000000001 0.202929542248
0.4070000000000001 0.20236519083
0.4080000000000001 0.204843772703
0.4090000000000001 0.20722954872
0.4100000000000001 0.207525524121
0.4110000000000001 0.210321282893
0.4120000000000001 0.220848041924
0.4130000000000001 0.212929497116
0.4140000000000001 0.215599360275
0.4150000000000001 0.218563733441
0.4160000000000001 0.214561630584
0.4170000000000001 0.223080621892
0.4180000000000001 0.228380058202
0.4190000000000001 0.219594388213
0.4200000000000001 0.223103687282
0.4210000000000001 0.218483356435
0.4220000000000001 0.229125970597
0.4230000000000001 0.227630928309
0.4240000000000001 0.228963668336
0.4250000000000001 0.240051223573
0.4260000000000001 0.230832661816
0.4270000000000001 0.240061371124
0.4280000000000001 0.237057487366
0.4290000000000001 0.236164508652
0.4300000000000001 0.242165250523
0.4310000000000001 0.232057107757
0.4320000000000001 0.238718274497
0.4330000000000001 0.25090799293
0.4340000000000001 0.248072631603
0.4350000000000001 0.244968775044
0.4360000000000001 0.252027190777
0.4370000000000001 0.250297363669
0.4380000000000001 0.248614854131
0.4390000000000001 0.247656663066
0.4400000000000001 0.252278318716
0.4410000000000001 0.266492725259
0.4420000000000001 0.258208591995
0.4430000000000001 0.253263639822
0.4440000000000001 0.25879184732
0.4450000000000001 0.258957798796
0.4460000000000001 0.265550818354
0.4470000000000001 0.26669465047
0.4480000000000001 0.265451829398
0.4490000000000001 0.265499204834
0.4500000000000001 0.277270707307
0.4510000000000001 0.271054139906
0.4520000000000001 0.275928941459
0.4530000000000001 0.277068563322
0.4540000000000001 0.28348448765
0.4550000000000001 0.277977912354
0.4560000000000001 0.290116745682
0.45700000000000013 0.27686833317
0.45800000000000013 0.284622679123
0.45900000000000013 0.298240139008
0.46000000000000013 0.296457686961
0.46100000000000013 0.294333473683
0.46200000000000013 0.297915595006
0.46300000000000013 0.293711059113
0.46400000000000013 0.300671087639
0.46500000000000014 0.30221570752
0.46600000000000014 0.306467955304
0.46700000000000014 0.304432836255
0.46800000000000014 0.303631019237
0.46900000000000014 0.305576798858
0.47000000000000014 0.312143323002
0.47100000000000014 0.311465258192
0.47200000000000014 0.32454696656
0.47300000000000014 0.319650529262
0.47400000000000014 0.317851736105
0.47500000000000014 0.319538867493
0.47600000000000015 0.335506330552
0.47700000000000015 0.32360476571
0.47800000000000015 0.327064836897
0.47900000000000015 0.318093941469
0.48000000000000015 0.32699290975
0.48100000000000015 0.347838518867
0.48200000000000015 0.344822620665
0.48300000000000015 0.329993277341
0.48400000000000015 0.330773645968
0.48500000000000015 0.360593994186
0.48600000000000015 0.340212100356
0.48700000000000015 0.358551792056
0.48800000000000016 0.355945944065
0.48900000000000016 0.363549670926
0.49000000000000016 0.36380842637
0.49100000000000016 0.363558204834
0.49200000000000016 0.367661061726
0.49300000000000016 0.377225675118
0.49400000000000016 0.357570221573
0.49500000000000016 0.36741662088
0.49600000000000016 0.375828136673
0.49700000000000016 0.37810072365
0.49800000000000016 0.393499885166
0.49900000000000017 0.379741795901
0.5000000000000001 0.39277541241
0.5010000000000001 0.401361730752
0.5020000000000001 0.386750990037
0.5030000000000001 0.403041785335
0.5040000000000001 0.390972860991
0.5050000000000001 0.405259963925
0.5060000000000001 0.407891156863
0.5070000000000001 0.401037993938
0.5080000000000001 0.423659601758
0.5090000000000001 0.428602026454
0.5100000000000001 0.410670271116
0.5110000000000001 0.412202686496
0.5120000000000001 0.419814611439
0.5130000000000001 0.424261775803
0.5140000000000001 0.424108215068
0.5150000000000001 0.441100267273
0.5160000000000001 0.437544938037
0.5170000000000001 0.443594014651
0.5180000000000001 0.435205401136
0.5190000000000001 0.452569082864
0.5200000000000001 0.438156384691
0.5210000000000001 0.438148428704
0.5220000000000001 0.437557459422
0.5230000000000001 0.45864356109
0.5240000000000001 0.457902417249
0.5250000000000001 0.455734792641
0.5260000000000001 0.470152387546
0.5270000000000001 0.466967294429
0.5280000000000001 0.478798639168
0.5290000000000001 0.48343903564
0.5300000000000001 0.477735572162
0.5310000000000001 0.488105006835
0.5320000000000001 0.47100993025
0.5330000000000001 0.481514632289
0.5340000000000001 0.476726412751
0.5350000000000001 0.499650154862
0.5360000000000001 0.522937969712
0.5370000000000001 0.499035744928
0.5380000000000001 0.516840677887
0.5390000000000001 0.506755870191
0.5400000000000001 0.517681613746
0.5410000000000001 0.511294873715
0.5420000000000001 0.531738125616
0.5430000000000001 0.529051662445
0.5440000000000002 0.518833561319
0.5450000000000002 0.542076848611
0.5460000000000002 0.540912776513
0.5470000000000002 0.551301759176
0.5480000000000002 0.572522082875
0.5490000000000002 0.548401209177
0.5500000000000002 0.554292107965
0.5510000000000002 0.547040433275
0.5520000000000002 0.572194896052
0.5530000000000002 0.575505303454
0.5540000000000002 0.588401837897
0.5550000000000002 0.579820686107
0.5560000000000002 0.580872263412
0.5570000000000002 0.588738732543
0.5580000000000002 0.575266051426
0.5590000000000002 0.605110629778
0.5600000000000002 0.602558149742
0.5610000000000002 0.599520052194
0.5620000000000002 0.617618954035
0.5630000000000002 0.603158487039
0.5640000000000002 0.615339085688
0.5650000000000002 0.62507677063
0.5660000000000002 0.621882288163
0.5670000000000002 0.635477096694
0.5680000000000002 0.63970337346
0.5690000000000002 0.652521270779
0.5700000000000002 0.658884822904
0.5710000000000002 0.645054592813
0.5720000000000002 0.657161358417
0.5730000000000002 0.664507122571
0.5740000000000002 0.68190493955
0.5750000000000002 0.705723875338
0.5760000000000002 0.701336274664
0.5770000000000002 0.709894943348
0.5780000000000002 0.70238004946
0.5790000000000002 0.683672108705
0.5800000000000002 0.699373416036
0.5810000000000002 0.714414800132
0.5820000000000002 0.726326392494
0.5830000000000002 0.710350231253
0.5840000000000002 0.717691218325
0.5850000000000002 0.751750835254
0.5860000000000002 0.750773095654
0.5870000000000002 0.76341342365
0.5880000000000002 0.737232696181
0.5890000000000002 0.752614740795
0.5900000000000002 0.773629454416
0.5910000000000002 0.783207848089
0.5920000000000002 0.803266017334
0.5930000000000002 0.817785866902
0.5940000000000002 0.823291359018
0.5950000000000002 0.796664447213
0.5960000000000002 0.827580668155
0.5970000000000002 0.803168758901
0.5980000000000002 0.819220972011
0.5990000000000002 0.80274408907
0.6000000000000002 0.846453487301
0.6010000000000002 0.871494049415
0.6020000000000002 0.850246925814
0.6030000000000002 0.840918223288
0.6040000000000002 0.876371518805
0.6050000000000002 0.881188567251
0.6060000000000002 0.869990198601
0.6070000000000002 0.877373008257
0.6080000000000002 0.875454926443
0.6090000000000002 0.890484394814
0.6100000000000002 0.891093580738
0.6110000000000002 0.89176119916
0.6120000000000002 0.898156806312
0.6130000000000002 0.894406788609
0.6140000000000002 0.925939462538
0.6150000000000002 0.94481006744
0.6160000000000002 0.969592658171
0.6170000000000002 0.975532095819
0.6180000000000002 0.991980974088
0.6190000000000002 1.03297874122
0.6200000000000002 0.945071195744
0.6210000000000002 0.992486982173
0.6220000000000002 1.03351820853
0.6230000000000002 1.02707908528
0.6240000000000002 1.05958038772
0.6250000000000002 1.02878583495
0.6260000000000002 1.0119609161
0.6270000000000002 1.00659734615
0.6280000000000002 1.04093307522
0.6290000000000002 1.11111994117
0.6300000000000002 1.06395631296
0.6310000000000002 1.14029766646
0.6320000000000002 1.16419521565
0.6330000000000002 1.10953411865
0.6340000000000002 1.12986214091
0.6350000000000002 1.1548474923
0.6360000000000002 1.16757267055
0.6370000000000002 1.12420371236
0.6380000000000002 1.12842424147
0.6390000000000002 1.18651115533
0.6400000000000002 1.17302882069
0.6410000000000002 1.16139779125
0.6420000000000002 1.2243552426
0.6430000000000002 1.18832689965
0.6440000000000002 1.23571041631
0.6450000000000002 1.27967333089
0.6460000000000002 1.27512519039
0.6470000000000002 1.23299121084
0.6480000000000002 1.28804917446
0.6490000000000002 1.31232701199
0.6500000000000002 1.32535474169
0.6510000000000002 1.33089328853
0.6520000000000002 1.32159646106
0.6530000000000002 1.33520092413
0.6540000000000002 1.31286591782
0.6550000000000002 1.41774618974
0.6560000000000002 1.42247370594
0.6570000000000003 1.38818376993
0.6580000000000003 1.42308088541
0.6590000000000003 1.40513273791
0.6600000000000003 1.51757383691
0.6610000000000003 1.46327410944
0.6620000000000003 1.48702604098
0.6630000000000003 1.53415789991
0.6640000000000003 1.56171229567
0.6650000000000003 1.53455729844
0.6660000000000003 1.56011022916
0.6670000000000003 1.49366793999
0.6680000000000003 1.51998192066
0.6690000000000003 1.5964310933
0.6700000000000003 1.64001955579
0.6710000000000003 1.66298381985
0.6720000000000003 1.70842335809
0.6730000000000003 1.65514938717
0.6740000000000003 1.76596844815
0.6750000000000003 1.69837780099
0.6760000000000003 1.74556623886
0.6770000000000003 1.77462910237
0.6780000000000003 1.80767941418
0.6790000000000003 1.80541495276
0.6800000000000003 1.96722360389
0.6810000000000003 1.86528022079
0.6820000000000003 1.86954697016
0.6830000000000003 1.89922739774
0.6840000000000003 1.94291612763
0.6850000000000003 1.97400923826
0.6860000000000003 1.89094261414
0.6870000000000003 1.91994050168
0.6880000000000003 2.11676952529
0.6890000000000003 2.05556335919
0.6900000000000003 1.89688661516
0.6910000000000003 2.20283511769
0.6920000000000003 2.23681688998
0.6930000000000003 2.17899774208
0.6940000000000003 2.17803822568
0.6950000000000003 2.05955164976
0.6960000000000003 2.2808893243
0.6970000000000003 2.26282865895
0.6980000000000003 2.26133962457
0.6990000000000003 2.48686792479
0.7000000000000003 2.33614538654
0.7010000000000003 2.65632555354
0.7020000000000003 2.63754270415
0.7030000000000003 2.67458654489
0.7040000000000003 2.50146690341
0.7050000000000003 2.86984436254
0.7060000000000003 3.13407364534
0.7070000000000003 2.94135284401
0.7080000000000003 2.79668431478
0.7090000000000003 3.09108866118
0.7100000000000003 3.07367940774
0.7110000000000003 3.12185223812
0.7120000000000003 3.1364249806
0.7130000000000003 3.49005324598
0.7140000000000003 3.36064339391
0.7150000000000003 4.00493376561
0.7160000000000003 3.45697490119
0.7170000000000003 3.62902325816
0.7180000000000003 4.09358566351
0.7190000000000003 3.68089984317
0.7200000000000003 4.62148434414
0.7210000000000003 3.89531262782
0.7220000000000003 4.41262029245
0.7230000000000003 4.45530884019
0.7240000000000003 4.18611654849
0.7250000000000003 3.75835306936
0.7260000000000003 5.08836615009
0.7270000000000003 5.16716240843
0.7280000000000003 5.24154761981
0.7290000000000003 5.22871323873
0.7300000000000003 6.00566696553
0.7310000000000003 6.68460154955
0.7320000000000003 5.36228601853
0.7330000000000003 6.04451942536
0.7340000000000003 5.47706969693
0.7350000000000003 6.12341939847
0.7360000000000003 6.24181749307
0.7370000000000003 6.57574524748
0.7380000000000003 6.51345039281
0.7390000000000003 6.40432404077
0.7400000000000003 5.4287112396
0.7410000000000003 6.33129985357
0.7420000000000003 6.6025572205
0.7430000000000003 7.36356598269
0.7440000000000003 6.60951466377
0.7450000000000003 5.40142745752
0.7460000000000003 4.68742168165
0.7470000000000003 4.90696884485
0.7480000000000003 5.34269517187
0.7490000000000003 4.8803672099
0.7500000000000003 4.38138281595
0.7510000000000003 4.73061027205
0.7520000000000003 5.12597791558
0.7530000000000003 3.9801430644
0.7540000000000003 3.7065553108
0.7550000000000003 3.65301874918
0.7560000000000003 3.45939381494
0.7570000000000003 3.7513204156
0.7580000000000003 3.41448107632
0.7590000000000003 4.14199508007
0.7600000000000003 3.75960936322
0.7610000000000003 3.90783353059
0.7620000000000003 4.0482624731
0.7630000000000003 3.12154297362
0.7640000000000003 3.12914114339
0.7650000000000003 3.29446100442
0.7660000000000003 2.76693221727
0.7670000000000003 3.01887769511
0.7680000000000003 3.15305447964
0.7690000000000003 2.50817192132
0.7700000000000004 2.74032985967
0.7710000000000004 2.99515717217
0.7720000000000004 2.46226906747
0.7730000000000004 2.79255217122
0.7740000000000004 2.67854809587
0.7750000000000004 2.45611459871
0.7760000000000004 2.42740647838
0.7770000000000004 2.32116936695
0.7780000000000004 2.36988656728
0.7790000000000004 2.08708151434
0.7800000000000004 2.47077825389
0.7810000000000004 2.096162511
0.7820000000000004 2.20455171369
0.7830000000000004 2.16874808548
0.7840000000000004 2.19910692091
0.7850000000000004 1.92106173
0.7860000000000004 2.15961450587
0.7870000000000004 2.01139688263
0.7880000000000004 2.10586879263
0.7890000000000004 1.98601289183
0.7900000000000004 2.14005130073
0.7910000000000004 1.90648405318
0.7920000000000004 2.02338529984
0.7930000000000004 1.79447889088
0.7940000000000004 1.68463899069
0.7950000000000004 1.78519832421
0.7960000000000004 1.82206875884
0.7970000000000004 1.76604727673
0.7980000000000004 1.65104948353
0.7990000000000004 1.69183684381
0.8000000000000004 1.69367346891
0.8010000000000004 1.62690844644
0.8020000000000004 1.68769107058
0.8030000000000004 1.6566098908
0.8040000000000004 1.61181642832
0.8050000000000004 1.42653442735
0.8060000000000004 1.54297871009
0.8070000000000004 1.58753295949
0.8080000000000004 1.47468107188
0.8090000000000004 1.50240421924
0.8100000000000004 1.54677576465
0.8110000000000004 1.5841679012
0.8120000000000004 1.38450963459
0.8130000000000004 1.44197887279
0.8140000000000004 1.44305769366
0.8150000000000004 1.35585873198
0.8160000000000004 1.35122591409
0.8170000000000004 1.31502052906
0.8180000000000004 1.26673054688
0.8190000000000004 1.30084238999
0.8200000000000004 1.38427587286
0.8210000000000004 1.20968883568
0.8220000000000004 1.20653450114
0.8230000000000004 1.22629037876
0.8240000000000004 1.21892640179
0.8250000000000004 1.257108247
0.8260000000000004 1.15890407944
0.8270000000000004 1.17629919755
0.8280000000000004 1.16578265632
0.8290000000000004 1.19578346726
0.8300000000000004 1.1512803831
0.8310000000000004 1.10454100205
0.8320000000000004 1.08406759006
0.8330000000000004 1.09529515857
0.8340000000000004 1.07537835418
0.8350000000000004 1.07652563557
0.8360000000000004 1.09431058138
0.8370000000000004 1.10837247535
0.8380000000000004 1.01476550442
0.8390000000000004 1.037257181
0.8400000000000004 0.976944636579
0.8410000000000004 1.02928842682
0.8420000000000004 1.02294534185
0.8430000000000004 0.931694178855
0.8440000000000004 0.979277058155
0.8450000000000004 0.95719027791
0.8460000000000004 0.96912339039
0.8470000000000004 0.951337042191
0.8480000000000004 0.972721190016
0.8490000000000004 0.948629871719
0.8500000000000004 0.934433479589
0.8510000000000004 0.89214248542
0.8520000000000004 0.925534383194
0.8530000000000004 0.881031412777
0.8540000000000004 0.872518726888
0.8550000000000004 0.841312735569
0.8560000000000004 0.824579445976
0.8570000000000004 0.851474372879
0.8580000000000004 0.80233958249
0.8590000000000004 0.856976580486
0.8600000000000004 0.823025498664
0.8610000000000004 0.827940442346
0.8620000000000004 0.780973766809
0.8630000000000004 0.858977616474
0.8640000000000004 0.797466452654
0.8650000000000004 0.771511121078
0.8660000000000004 0.783355037646
0.8670000000000004 0.79801953404
0.8680000000000004 0.779172321301
0.8690000000000004 0.753082414784
0.8700000000000004 0.77184071477
0.8710000000000004 0.758928619075
0.8720000000000004 0.744346781119
0.8730000000000004 0.716568859998
0.8740000000000004 0.717142315752
0.8750000000000004 0.764517449469
0.8760000000000004 0.707569488942
0.8770000000000004 0.680069907148
0.8780000000000004 0.715538627603
0.8790000000000004 0.71048817877
0.8800000000000004 0.655745802563
0.8810000000000004 0.700557910052
0.8820000000000005 0.688511141452
0.8830000000000005 0.645933616463
0.8840000000000005 0.679295237307
0.8850000000000005 0.658451529497
0.8860000000000005 0.66017594488
0.8870000000000005 0.623985230652
0.8880000000000005 0.658842968322
0.8890000000000005 0.659045097788
0.8900000000000005 0.625965130584
0.8910000000000005 0.622942328229
0.8920000000000005 0.637608702117
0.8930000000000005 0.614849453062
0.8940000000000005 0.621949227395
0.8950000000000005 0.59523028152
0.8960000000000005 0.613687578393
0.8970000000000005 0.585814100391
0.8980000000000005 0.574032288438
0.8990000000000005 0.582236206964
0.9000000000000005 0.576742933181
