0.3 0.00244140625
0.301 2.01416015625e-05
0.302 9.97314453125e-05
0.303 0.00041064453125
0.304 7.26928710938e-05
0.305 2.05688476563e-05
0.306 0.000496948242187
0.307 0.000145324707031
0.308 0.000612060546875
0.309 0.000353820800781
0.31 8.73413085938e-05
0.311 0.000429626464844
0.312 4.23583984375e-05
0.313 7.39135742188e-05
0.314 4.86450195313e-05
0.315 3.98559570313e-05
0.316 0.000311096191406
0.317 8.33129882812e-05
0.318 2.50244140625e-06
0.319 0.000480712890625
0.32 6.15844726562e-05
0.321 0.000177368164063
0.322 0.000142944335938
0.323 2.86254882812e-05
0.324 0.000338745117187
0.325 8.50830078125e-05
0.326 8.544921875e-06
0.327 0.000108154296875
0.328 0.000272705078125
0.329 0.000176208496094
0.33 0.000335083007813
0.331 0.000205749511719
0.332 8.58154296875e-05
0.333 0.000213500976563
0.334 0.000442687988281
0.335 0.000242553710938
0.336 6.396484375e-05
0.337 0.000217407226562
0.338 0.00010888671875
0.339 6.87255859375e-05
0.34 0.000214294433594
0.341 0.000245300292969
0.342 0.000130310058594
0.343 0.000323974609375
0.34400000000000003 0.000257568359375
0.34500000000000003 0.000197631835937
0.34600000000000003 0.000290710449219
0.34700000000000003 0.000258239746094
0.34800000000000003 0.000517028808594
0.34900000000000003 0.00036376953125
0.35000000000000003 0.000228820800781
0.35100000000000003 0.000147155761719
0.35200000000000004 0.000597900390625
0.35300000000000004 0.000471984863281
0.35400000000000004 0.000152770996094
0.35500000000000004 0.000239135742188
0.35600000000000004 0.000212219238281
0.35700000000000004 0.000129577636719
0.35800000000000004 0.00021826171875
0.35900000000000004 0.000197265625
0.36000000000000004 2.3681640625e-05
0.36100000000000004 0.000134094238281
0.36200000000000004 0.000352661132812
0.36300000000000004 3.62548828125e-05
0.36400000000000005 0.00018310546875
0.36500000000000005 3.09448242188e-05
0.36600000000000005 9.44213867187e-05
0.36700000000000005 0.000162353515625
0.36800000000000005 0.000384887695313
0.36900000000000005 0.000198303222656
0.37000000000000005 0.000318664550781
0.37100000000000005 0.000148986816406
0.37200000000000005 0.000496276855469
0.37300000000000005 7.51953125e-05
0.37400000000000005 0.0004609375
0.37500000000000006 0.000290771484375
0.37600000000000006 0.000139465332031
0.37700000000000006 0.000240112304688
0.37800000000000006 0.000496520996094
0.37900000000000006 0.00048046875
0.38000000000000006 0.000296691894531
0.38100000000000006 0.000219421386719
0.38200000000000006 0.000286499023437
0.38300000000000006 3.0517578125e-06
0.38400000000000006 0.000141479492188
0.38500000000000006 0.000444091796875
0.38600000000000007 0.000107971191406
0.38700000000000007 0.000525390625
0.38800000000000007 0.0002861328125
0.38900000000000007 0.000133178710937
0.39000000000000007 0.000244262695312
0.39100000000000007 0.00034130859375
0.39200000000000007 0.000266967773437
0.39300000000000007 0.000190002441406
0.3940000000000001 0.000349670410156
0.3950000000000001 0.0001044921875
0.3960000000000001 0.000373474121094
0.3970000000000001 0.000641479492187
0.3980000000000001 0.000277709960937
0.3990000000000001 0.00071142578125
0.4000000000000001 0.000395202636719
0.4010000000000001 0.000610900878906
0.4020000000000001 0.000134704589844
0.4030000000000001 0.000117553710937
0.4040000000000001 0.00023046875
0.4050000000000001 0.000313354492188
0.4060000000000001 5.60913085938e-05
0.4070000000000001 0.000939758300781
0.4080000000000001 0.00103234863281
0.4090000000000001 0.000367980957031
0.4100000000000001 0.000264587402344
0.4110000000000001 0.000353088378906
0.4120000000000001 6.8115234375e-05
0.4130000000000001 8.1298828125e-05
0.4140000000000001 1.89208984375e-05
0.4150000000000001 0.000175903320313
0.4160000000000001 0.000657409667969
0.4170000000000001 0.000166931152344
0.4180000000000001 0.00027490234375
0.4190000000000001 0.000124206542969
0.4200000000000001 0.000371276855469
0.4210000000000001 0.000288513183594
0.4220000000000001 0.000616638183594
0.4230000000000001 0.000132263183594
0.4240000000000001 0.000725524902344
0.4250000000000001 0.000979370117187
0.4260000000000001 0.000344055175781
0.4270000000000001 0.000205627441406
0.4280000000000001 0.00141021728516
0.4290000000000001 0.000334777832031
0.4300000000000001 0.000980529785156
0.4310000000000001 0.000792297363281
0.4320000000000001 0.000328918457031
0.4330000000000001 0.000642028808594
0.4340000000000001 0.000119079589844
0.4350000000000001 0.000153930664062
0.4360000000000001 0.00136706542969
0.4370000000000001 0.000245910644531
0.4380000000000001 3.72314453125e-06
0.4390000000000001 0.00103338623047
0.4400000000000001 0.000188720703125
0.4410000000000001 0.000615478515625
0.4420000000000001 0.000626342773438
0.4430000000000001 3.3935546875e-05
0.4440000000000001 0.00101947021484
0.4450000000000001 0.000288696289063
0.4460000000000001 0.00062744140625
0.4470000000000001 6.84814453125e-05
0.4480000000000001 0.000142639160156
0.4490000000000001 0.000217041015625
0.4500000000000001 4.26025390625e-05
0.4510000000000001 0.000211303710938
0.4520000000000001 0.000197570800781
0.4530000000000001 0.001470703125
0.4540000000000001 0.000339477539063
0.4550000000000001 0.000295776367188
0.4560000000000001 0.0002294921875
0.45700000000000013 0.0005478515625
0.45800000000000013 0.000989807128906
0.45900000000000013 0.00127221679688
0.46000000000000013 0.00114068603516
0.46100000000000013 0.000919311523437
0.46200000000000013 0.000635559082031
0.46300000000000013 0.000342163085937
0.46400000000000013 0.00046142578125
0.46500000000000014 0.00138812255859
0.46600000000000014 0.000137268066406
0.46700000000000014 0.000230163574219
0.46800000000000014 0.000314819335938
0.46900000000000014 0.000454467773437
0.47000000000000014 0.000374206542969
0.47100000000000014 0.000614562988281
0.47200000000000014 0.000325439453125
0.47300000000000014 0.000838562011719
0.47400000000000014 0.00020361328125
0.47500000000000014 2.197265625e-05
0.47600000000000015 3.13110351563e-05
0.47700000000000015 0.000123657226562
0.47800000000000015 1.50756835937e-05
0.47900000000000015 1.9287109375e-05
0.48000000000000015 0.000154541015625
0.48100000000000015 0.00107531738281
0.48200000000000015 0.00185565185547
0.48300000000000015 0.000174926757813
0.48400000000000015 0.000901733398437
0.48500000000000015 0.000723388671875
0.48600000000000015 0.000426147460938
0.48700000000000015 0.000173950195313
0.48800000000000016 0.000820190429688
0.48900000000000016 0.000208557128906
0.49000000000000016 0.00084033203125
0.49100000000000016 0.000480041503906
0.49200000000000016 0.00137896728516
0.49300000000000016 0.000425109863281
0.49400000000000016 0.000575744628906
0.49500000000000016 0.000813049316406
0.49600000000000016 0.000262573242187
0.49700000000000016 8.48388671875e-06
0.49800000000000016 0.000273559570313
0.49900000000000017 0.000329467773437
0.5000000000000001 0.00124847412109
0.5010000000000001 0.000664306640625
0.5020000000000001 0.000845947265625
0.5030000000000001 0.00141412353516
0.5040000000000001 0.000800109863281
0.5050000000000001 0.00085986328125
0.5060000000000001 0.000945434570313
0.5070000000000001 0.000459411621094
0.5080000000000001 0.000112121582031
0.5090000000000001 0.00024267578125
0.5100000000000001 0.000753173828125
0.5110000000000001 0.000911926269531
0.5120000000000001 0.00092236328125
0.5130000000000001 0.00141882324219
0.5140000000000001 0.000902648925781
0.5150000000000001 0.00148565673828
0.5160000000000001 0.000160095214844
0.5170000000000001 0.00114270019531
0.5180000000000001 0.00140264892578
0.5190000000000001 0.000102416992187
0.5200000000000001 0.000119262695312
0.5210000000000001 0.00232299804688
0.5220000000000001 0.000267883300781
0.5230000000000001 0.000596801757813
0.5240000000000001 6.77490234375e-06
0.5250000000000001 0.00196655273437
0.5260000000000001 0.000417114257812
0.5270000000000001 0.00108264160156
0.5280000000000001 0.000226806640625
0.5290000000000001 0.000927368164063
0.5300000000000001 0.000174682617188
0.5310000000000001 0.00138916015625
0.5320000000000001 0.00040625
0.5330000000000001 0.000789916992188
0.5340000000000001 0.00196392822266
0.5350000000000001 1.70288085938e-05
0.5360000000000001 4.58984375e-05
0.5370000000000001 0.00190655517578
0.5380000000000001 0.00254144287109
0.5390000000000001 0.000333801269531
0.5400000000000001 0.00183325195313
0.5410000000000001 0.000324951171875
0.5420000000000001 0.00143322753906
0.5430000000000001 0.0011513671875
0.5440000000000002 0.000801391601563
0.5450000000000002 0.000757568359375
0.5460000000000002 0.000114624023437
0.5470000000000002 0.001103515625
0.5480000000000002 0.000495727539062
0.5490000000000002 0.00160205078125
0.5500000000000002 0.00122967529297
0.5510000000000002 0.00135845947266
0.5520000000000002 0.00117321777344
0.5530000000000002 0.00212390136719
0.5540000000000002 0.00260388183594
0.5550000000000002 0.000640014648438
0.5560000000000002 9.88159179687e-05
0.5570000000000002 0.00105517578125
0.5580000000000002 0.00100054931641
0.5590000000000002 0.000152160644531
0.5600000000000002 0.000988342285156
0.5610000000000002 0.00175823974609
0.5620000000000002 0.00122839355469
0.5630000000000002 0.000582275390625
0.5640000000000002 0.000598083496094
0.5650000000000002 0.00145550537109
0.5660000000000002 0.000862182617187
0.5670000000000002 0.00103161621094
0.5680000000000002 0.000470947265625
0.5690000000000002 0.00140167236328
0.5700000000000002 0.000191833496094
0.5710000000000002 0.00302001953125
0.5720000000000002 0.00524389648437
0.5730000000000002 0.00119604492188
0.5740000000000002 0.000536254882812
0.5750000000000002 0.00247637939453
0.5760000000000002 0.00395098876953
0.5770000000000002 0.000292114257812
0.5780000000000002 0.00165386962891
0.5790000000000002 0.000891479492187
0.5800000000000002 0.00105596923828
0.5810000000000002 0.00109594726562
0.5820000000000002 0.00186090087891
0.5830000000000002 0.00296716308594
0.5840000000000002 0.000194641113281
0.5850000000000002 0.00069775390625
0.5860000000000002 0.00094970703125
0.5870000000000002 0.00288970947266
0.5880000000000002 0.00164715576172
0.5890000000000002 0.000754028320312
0.5900000000000002 0.00310876464844
0.5910000000000002 0.00545288085938
0.5920000000000002 0.000202453613281
0.5930000000000002 0.00196337890625
0.5940000000000002 0.00239501953125
0.5950000000000002 0.00202557373047
0.5960000000000002 0.000490600585938
0.5970000000000002 0.000384460449219
0.5980000000000002 0.00274780273438
0.5990000000000002 0.00324859619141
0.6000000000000002 0.00146936035156
0.6010000000000002 0.00413665771484
0.6020000000000002 0.00232049560547
0.6030000000000002 0.000277404785156
0.6040000000000002 0.00170245361328
0.6050000000000002 0.00150067138672
0.6060000000000002 4.345703125e-05
0.6070000000000002 0.00299578857422
0.6080000000000002 0.000282348632813
0.6090000000000002 0.00384826660156
0.6100000000000002 0.000441528320312
0.6110000000000002 0.00116577148438
0.6120000000000002 0.00506988525391
0.6130000000000002 0.00510955810547
0.6140000000000002 0.00341918945313
0.6150000000000002 0.00163287353516
0.6160000000000002 0.000683410644531
0.6170000000000002 0.00203106689453
0.6180000000000002 0.00386889648437
0.6190000000000002 0.00570050048828
0.6200000000000002 0.00606188964844
0.6210000000000002 0.00473004150391
0.6220000000000002 0.00028173828125
0.6230000000000002 0.00334204101563
0.6240000000000002 0.00623541259766
0.6250000000000002 0.00330041503906
0.6260000000000002 0.00148583984375
0.6270000000000002 0.00612963867187
0.6280000000000002 0.00184796142578
0.6290000000000002 0.00283734130859
0.6300000000000002 0.00286602783203
0.6310000000000002 0.00146234130859
0.6320000000000002 0.00353369140625
0.6330000000000002 0.00320776367187
0.6340000000000002 0.00588604736328
0.6350000000000002 0.00462957763672
0.6360000000000002 0.000798950195312
0.6370000000000002 0.00552923583984
0.6380000000000002 0.00446081542969
0.6390000000000002 0.00744476318359
0.6400000000000002 0.00229772949219
0.6410000000000002 0.0117473754883
0.6420000000000002 0.00353070068359
0.6430000000000002 0.00465753173828
0.6440000000000002 0.00103387451172
0.6450000000000002 0.00977252197266
0.6460000000000002 0.00500903320312
0.6470000000000002 0.000671630859375
0.6480000000000002 0.00297241210938
0.6490000000000002 0.00348559570312
0.6500000000000002 0.000426391601562
0.6510000000000002 0.00849670410156
0.6520000000000002 0.00860260009766
0.6530000000000002 0.0040869140625
0.6540000000000002 0.00249340820312
0.6550000000000002 0.00806896972656
0.6560000000000002 0.00369842529297
0.6570000000000003 0.00407574462891
0.6580000000000003 0.00389782714844
0.6590000000000003 0.0109587402344
0.6600000000000003 0.00284350585938
0.6610000000000003 0.0151841430664
0.6620000000000003 0.00213397216797
0.6630000000000003 0.00100714111328
0.6640000000000003 0.00675280761719
0.6650000000000003 0.000926940917969
0.6660000000000003 0.00328112792969
0.6670000000000003 0.00831939697266
0.6680000000000003 0.0110009765625
0.6690000000000003 0.00362048339844
0.6700000000000003 0.000789489746094
0.6710000000000003 0.00334020996094
0.6720000000000003 0.00350482177734
0.6730000000000003 0.00480139160156
0.6740000000000003 0.00138922119141
0.6750000000000003 0.00034326171875
0.6760000000000003 0.00364019775391
0.6770000000000003 0.00749829101563
0.6780000000000003 0.0100358276367
0.6790000000000003 0.00554919433594
0.6800000000000003 0.0106704711914
0.6810000000000003 0.00904296875
0.6820000000000003 0.0076259765625
0.6830000000000003 0.0188287353516
0.6840000000000003 0.0178295898438
0.6850000000000003 0.00850006103516
0.6860000000000003 0.026029296875
0.6870000000000003 0.00620257568359
0.6880000000000003 0.0290010375977
0.6890000000000003 0.0109697875977
0.6900000000000003 0.00657043457031
0.6910000000000003 0.0149330444336
0.6920000000000003 0.0239443969727
0.6930000000000003 0.0320220336914
0.6940000000000003 0.007806640625
0.6950000000000003 0.0103684692383
0.6960000000000003 0.027830078125
0.6970000000000003 0.0414508056641
0.6980000000000003 0.026248840332
0.6990000000000003 0.0205609741211
0.7000000000000003 0.00202868652344
0.7010000000000003 0.0236481323242
0.7020000000000003 0.0736217651367
0.7030000000000003 0.0151442871094
0.7040000000000003 0.0234580688477
0.7050000000000003 0.00198114013672
0.7060000000000003 0.000713317871094
0.7070000000000003 0.0642509155273
0.7080000000000003 0.0267764282227
0.7090000000000003 0.0352670898438
0.7100000000000003 0.0236598510742
0.7110000000000003 0.0318392333984
0.7120000000000003 0.0963856201172
0.7130000000000003 0.0144519042969
0.7140000000000003 0.0142450561523
0.7150000000000003 0.023203125
0.7160000000000003 0.0226428833008
0.7170000000000003 0.0167310791016
0.7180000000000003 0.0734223022461
0.7190000000000003 0.0946412963867
0.7200000000000003 0.0454100341797
0.7210000000000003 0.0751792602539
0.7220000000000003 0.105887939453
0.7230000000000003 0.184831054687
0.7240000000000003 0.0255180053711
0.7250000000000003 0.086375793457
0.7260000000000003 0.110305541992
0.7270000000000003 0.237799133301
0.7280000000000003 0.0245130615234
0.7290000000000003 0.0570600585937
0.7300000000000003 0.0570603027344
0.7310000000000003 0.173391418457
0.7320000000000003 0.0431263427734
0.7330000000000003 0.329777709961
0.7340000000000003 0.268549987793
0.7350000000000003 0.295877563477
0.7360000000000003 0.591942382813
0.7370000000000003 0.08662109375
0.7380000000000003 0.192901672363
0.7390000000000003 0.103010070801
0.7400000000000003 0.498896484375
0.7410000000000003 0.595157043457
0.7420000000000003 0.61590246582
0.7430000000000003 0.443986755371
0.7440000000000003 0.379254760742
0.7450000000000003 0.69466418457
0.7460000000000003 0.715264160156
0.7470000000000003 0.712264221191
0.7480000000000003 0.596717285156
0.7490000000000003 0.735720153809
0.7500000000000003 0.742385681152
0.7510000000000003 0.733284057617
0.7520000000000003 0.746318725586
0.7530000000000003 0.767217163086
0.7540000000000003 0.792880371094
0.7550000000000003 0.789465576172
0.7560000000000003 0.79641229248
0.7570000000000003 0.791102233887
0.7580000000000003 0.806678894043
0.7590000000000003 0.286633300781
0.7600000000000003 0.806643676758
0.7610000000000003 0.809196777344
0.7620000000000003 0.802667114258
0.7630000000000003 0.829542663574
0.7640000000000003 0.827476074219
0.7650000000000003 0.832702026367
0.7660000000000003 0.845675964355
0.7670000000000003 0.84374407959
0.7680000000000003 0.834382141113
0.7690000000000003 0.854786376953
0.7700000000000004 0.849397827148
0.7710000000000004 0.849331970215
0.7720000000000004 0.859525878906
0.7730000000000004 0.860095397949
0.7740000000000004 0.861538818359
0.7750000000000004 0.868098632812
0.7760000000000004 0.866297668457
0.7770000000000004 0.875376525879
0.7780000000000004 0.873102233887
0.7790000000000004 0.87979473877
0.7800000000000004 0.874584350586
0.7810000000000004 0.88319708252
0.7820000000000004 0.880657043457
0.7830000000000004 0.88727355957
0.7840000000000004 0.884981201172
0.7850000000000004 0.894933837891
0.7860000000000004 0.889415649414
0.7870000000000004 0.893849121094
0.7880000000000004 0.897889465332
0.7890000000000004 0.896438781738
0.7900000000000004 0.895370544434
0.7910000000000004 0.899999572754
0.7920000000000004 0.899507507324
0.7930000000000004 0.904690307617
0.7940000000000004 0.90646295166
0.7950000000000004 0.906132629395
0.7960000000000004 0.906572814941
0.7970000000000004 0.909141052246
0.7980000000000004 0.913247314453
0.7990000000000004 0.912451904297
0.8000000000000004 0.91402911377
0.8010000000000004 0.915147583008
0.8020000000000004 0.914519958496
0.8030000000000004 0.917252624512
0.8040000000000004 0.917556640625
0.8050000000000004 0.920944335938
0.8060000000000004 0.92232434082
0.8070000000000004 0.922082824707
0.8080000000000004 0.923328308105
0.8090000000000004 0.924216125488
0.8100000000000004 0.923340820312
0.8110000000000004 0.926493469238
0.8120000000000004 0.929018249512
0.8130000000000004 0.928830383301
0.8140000000000004 0.929697509766
0.8150000000000004 0.93075402832
0.8160000000000004 0.931376586914
0.8170000000000004 0.932734191895
0.8180000000000004 0.934376586914
0.8190000000000004 0.93425994873
0.8200000000000004 0.934551147461
0.8210000000000004 0.936285095215
0.8220000000000004 0.93747076416
0.8230000000000004 0.937450256348
0.8240000000000004 0.937553344727
0.8250000000000004 0.938609130859
0.8260000000000004 0.939419128418
0.8270000000000004 0.941483947754
0.8280000000000004 0.942064147949
0.8290000000000004 0.942253356934
0.8300000000000004 0.943458557129
0.8310000000000004 0.943911376953
0.8320000000000004 0.945252441406
0.8330000000000004 0.945130432129
0.8340000000000004 0.946501403809
0.8350000000000004 0.94734375
0.8360000000000004 0.947374938965
0.8370000000000004 0.946141052246
0.8380000000000004 0.948067321777
0.8390000000000004 0.950153198242
0.8400000000000004 0.950139953613
0.8410000000000004 0.950010681152
0.8420000000000004 0.95095300293
0.8430000000000004 0.952104187012
0.8440000000000004 0.95267791748
0.8450000000000004 0.952934570312
0.8460000000000004 0.953175109863
0.8470000000000004 0.953324829102
0.8480000000000004 0.954426452637
0.8490000000000004 0.954877929687
0.8500000000000004 0.955351074219
0.8510000000000004 0.956317871094
0.8520000000000004 0.956282958984
0.8530000000000004 0.956521240234
0.8540000000000004 0.957718933105
0.8550000000000004 0.957749694824
0.8560000000000004 0.958573486328
0.8570000000000004 0.958630981445
0.8580000000000004 0.959308227539
0.8590000000000004 0.959803955078
0.8600000000000004 0.960307495117
0.8610000000000004 0.961167480469
0.8620000000000004 0.960926635742
0.8630000000000004 0.960730773926
0.8640000000000004 0.961697875977
0.8650000000000004 0.962146911621
0.8660000000000004 0.962995239258
0.8670000000000004 0.962912414551
0.8680000000000004 0.963599609375
0.8690000000000004 0.964161376953
0.8700000000000004 0.964246459961
0.8710000000000004 0.964673339844
0.8720000000000004 0.964988464355
0.8730000000000004 0.965612182617
0.8740000000000004 0.965719116211
0.8750000000000004 0.965792114258
0.8760000000000004 0.966712219238
0.8770000000000004 0.966966552734
0.8780000000000004 0.96699029541
0.8790000000000004 0.967485107422
0.8800000000000004 0.96782598877
0.8810000000000004 0.968171325684
0.8820000000000005 0.96878137207
0.8830000000000005 0.968813537598
0.8840000000000005 0.969165405273
0.8850000000000005 0.969564697266
0.8860000000000005 0.970003662109
0.8870000000000005 0.970213439941
0.8880000000000005 0.97017590332
0.8890000000000005 0.970359924316
0.8900000000000005 0.970989624023
0.8910000000000005 0.971271972656
0.8920000000000005 0.971261230469
0.8930000000000005 0.972036193848
0.8940000000000005 0.972023620605
0.8950000000000005 0.97254284668
0.8960000000000005 0.972722717285
0.8970000000000005 0.973033752441
0.8980000000000005 0.973207885742
0.8990000000000005 0.973833129883
0.9000000000000005 0.973879730572
