0.3 0.0
0.301 0.945312400146
0.302 0.950440468506
0.303 0.965259077087
0.304 0.950590542465
0.305 0.954776348862
0.306 0.947270551208
0.307 0.9827323452
0.308 0.954928956055
0.309 0.981317672348
0.31 0.966455645126
0.311 0.97169678038
0.312 0.994260107422
0.313 1.02687498534
0.314 1.02066309019
0.315 0.965439375473
0.316 1.00842926268
0.317 1.01644738829
0.318 1.01717852953
0.319 1.04225297357
0.32 1.0357871245
0.321 1.03837660547
0.322 1.02893602319
0.323 1.01480796471
0.324 1.04166830835
0.325 0.994883124756
0.326 1.07364248999
0.327 1.04400291498
0.328 1.02801414941
0.329 1.06337656822
0.33 1.08284526215
0.331 1.06254258727
0.332 1.11536743842
0.333 1.06297365723
0.334 1.08881689134
0.335 1.08920337885
0.336 1.08414528418
0.337 1.12353962305
0.338 1.10563253021
0.339 1.1688376142
0.34 1.11766593004
0.341 1.10299177965
0.342 1.12423065782
0.343 1.14896547797
0.34400000000000003 1.17763686517
0.34500000000000003 1.15600803125
0.34600000000000003 1.14024130675
0.34700000000000003 1.16004659288
0.34800000000000003 1.14390479601
0.34900000000000003 1.15238234277
0.35000000000000003 1.15343575792
0.35100000000000003 1.21030404295
0.35200000000000004 1.18857097437
0.35300000000000004 1.18390113573
0.35400000000000004 1.2021984691
0.35500000000000004 1.18805867914
0.35600000000000004 1.21437969652
0.35700000000000004 1.19882001952
0.35800000000000004 1.24267250922
0.35900000000000004 1.22865400171
0.36000000000000004 1.23659653906
0.36100000000000004 1.21809919701
0.36200000000000004 1.22741355249
0.36300000000000004 1.26163182983
0.36400000000000005 1.29371460199
0.36500000000000005 1.25550427245
0.36600000000000005 1.25596098619
0.36700000000000005 1.25303095093
0.36800000000000005 1.28278115668
0.36900000000000005 1.29472939452
0.37000000000000005 1.28486230162
0.37100000000000005 1.2844228795
0.37200000000000005 1.29466606078
0.37300000000000005 1.31721471185
0.37400000000000005 1.29501501367
0.37500000000000006 1.3224004267
0.37600000000000006 1.28069384386
0.37700000000000006 1.34045859375
0.37800000000000006 1.32186831627
0.37900000000000006 1.36921631616
0.38000000000000006 1.4112107274
0.38100000000000006 1.37356395811
0.38200000000000006 1.39883783569
0.38300000000000006 1.33498048578
0.38400000000000006 1.41456251733
0.38500000000000006 1.39315078101
0.38600000000000007 1.35775788377
0.38700000000000007 1.37978083765
0.38800000000000007 1.40516946069
0.38900000000000007 1.43683889886
0.39000000000000007 1.39410132513
0.39100000000000007 1.38919881616
0.39200000000000007 1.46320095215
0.39300000000000007 1.51118717332
0.3940000000000001 1.49420170714
0.3950000000000001 1.44908655023
0.3960000000000001 1.50257297227
0.3970000000000001 1.38974308344
0.3980000000000001 1.45291848413
0.3990000000000001 1.47457554681
0.4000000000000001 1.48883826866
0.4010000000000001 1.41894983385
0.4020000000000001 1.48610407982
0.4030000000000001 1.54318640601
0.4040000000000001 1.54688530664
0.4050000000000001 1.52330656586
0.4060000000000001 1.50559816649
0.4070000000000001 1.51433049364
0.4080000000000001 1.55186174994
0.4090000000000001 1.56511899657
0.4100000000000001 1.600710338
0.4110000000000001 1.56141122362
0.4120000000000001 1.56456309351
0.4130000000000001 1.58559305658
0.4140000000000001 1.62236456812
0.4150000000000001 1.64999487207
0.4160000000000001 1.64999184019
0.4170000000000001 1.55930824693
0.4180000000000001 1.69152013086
0.4190000000000001 1.68823307762
0.4200000000000001 1.6539184536
0.4210000000000001 1.64470532396
0.4220000000000001 1.72327300645
0.4230000000000001 1.6375930294
0.4240000000000001 1.63248564085
0.4250000000000001 1.71214200873
0.4260000000000001 1.72710532884
0.4270000000000001 1.64980807848
0.4280000000000001 1.72225335814
0.4290000000000001 1.78033959837
0.4300000000000001 1.78379953856
0.4310000000000001 1.80254622191
0.4320000000000001 1.76845119188
0.4330000000000001 1.73814614305
0.4340000000000001 1.78134786375
0.4350000000000001 1.77180450385
0.4360000000000001 1.77281831781
0.4370000000000001 1.77484765379
0.4380000000000001 1.79535503709
0.4390000000000001 1.87690245164
0.4400000000000001 1.9330564209
0.4410000000000001 1.87246907983
0.4420000000000001 1.91527565765
0.4430000000000001 1.8119920639
0.4440000000000001 1.95739242369
0.4450000000000001 1.93488053491
0.4460000000000001 1.89264404883
0.4470000000000001 1.90177394867
0.4480000000000001 2.03241870287
0.4490000000000001 1.92704694727
0.4500000000000001 1.93921749261
0.4510000000000001 1.95843765405
0.4520000000000001 1.95323608055
0.4530000000000001 2.02240524408
0.4540000000000001 1.99030787085
0.4550000000000001 2.04716132202
0.4560000000000001 1.91001314844
0.45700000000000013 2.08623666498
0.45800000000000013 1.97729055785
0.45900000000000013 2.09081986517
0.46000000000000013 2.12817800523
0.46100000000000013 1.98783895746
0.46200000000000013 2.07798971788
0.46300000000000013 2.14081595483
0.46400000000000013 2.19632473047
0.46500000000000014 2.12415111497
0.46600000000000014 2.30504621935
0.46700000000000014 2.12968913744
0.46800000000000014 2.22333556976
0.46900000000000014 2.26229778558
0.47000000000000014 2.15933493089
0.47100000000000014 2.29906772813
0.47200000000000014 2.22107491968
0.47300000000000014 2.29684053453
0.47400000000000014 2.23139111176
0.47500000000000014 2.36176426849
0.47600000000000015 2.19352003441
0.47700000000000015 2.28754943695
0.47800000000000015 2.26846245238
0.47900000000000015 2.24267919312
0.48000000000000015 2.28060713477
0.48100000000000015 2.41755714453
0.48200000000000015 2.3072258297
0.48300000000000015 2.50290221869
0.48400000000000015 2.41931822241
0.48500000000000015 2.43274450922
0.48600000000000015 2.43011177637
0.48700000000000015 2.41387517816
0.48800000000000016 2.70837339594
0.48900000000000016 2.59222074693
0.49000000000000016 2.58340405121
0.49100000000000016 2.41616875243
0.49200000000000016 2.45591038133
0.49300000000000016 2.65649059105
0.49400000000000016 2.57033859215
0.49500000000000016 2.61355366136
0.49600000000000016 2.74280053101
0.49700000000000016 2.60930165025
0.49800000000000016 2.64741123022
0.49900000000000017 2.67776224219
0.5000000000000001 2.69218262572
0.5010000000000001 2.76285355249
0.5020000000000001 2.82960090796
0.5030000000000001 2.68906289549
0.5040000000000001 2.8223979077
0.5050000000000001 2.98234052124
0.5060000000000001 2.85310386664
0.5070000000000001 2.9588774901
0.5080000000000001 3.16683556786
0.5090000000000001 2.91338390961
0.5100000000000001 2.89919528101
0.5110000000000001 2.8914591754
0.5120000000000001 3.22224723969
0.5130000000000001 3.02993873437
0.5140000000000001 3.01272515672
0.5150000000000001 3.02064063341
0.5160000000000001 3.09875801048
0.5170000000000001 3.21947511908
0.5180000000000001 3.35796841124
0.5190000000000001 3.14422889594
0.5200000000000001 3.12899252875
0.5210000000000001 3.05923937476
0.5220000000000001 3.28217972337
0.5230000000000001 3.25011956635
0.5240000000000001 3.17965982225
0.5250000000000001 3.3422092475
0.5260000000000001 3.42101969507
0.5270000000000001 3.33832896429
0.5280000000000001 3.54238557227
0.5290000000000001 3.43562539819
0.5300000000000001 3.47166473334
0.5310000000000001 3.42867777124
0.5320000000000001 3.45243207397
0.5330000000000001 3.52540103613
0.5340000000000001 3.58059684715
0.5350000000000001 3.78899606895
0.5360000000000001 3.45422004858
0.5370000000000001 3.5245016931
0.5380000000000001 3.78064380919
0.5390000000000001 3.69577405699
0.5400000000000001 4.20648714941
0.5410000000000001 3.66813353882
0.5420000000000001 3.79193610785
0.5430000000000001 3.82279529077
0.5440000000000002 3.80249623724
0.5450000000000002 3.91762391577
0.5460000000000002 4.01166205511
0.5470000000000002 4.01092785834
0.5480000000000002 4.0142611084
0.5490000000000002 4.17862059174
0.5500000000000002 4.23226289024
0.5510000000000002 4.09773808043
0.5520000000000002 4.31383844476
0.5530000000000002 4.49417342377
0.5540000000000002 4.19520358887
0.5550000000000002 4.16778651465
0.5560000000000002 4.33185876268
0.5570000000000002 4.28476571967
0.5580000000000002 4.2295767025
0.5590000000000002 4.3981983037
0.5600000000000002 4.58016536607
0.5610000000000002 4.62496942137
0.5620000000000002 4.37549264624
0.5630000000000002 4.48597938257
0.5640000000000002 4.93968487352
0.5650000000000002 4.76619623033
0.5660000000000002 4.9093467959
0.5670000000000002 4.55961630859
0.5680000000000002 4.94422131586
0.5690000000000002 4.96607405028
0.5700000000000002 5.04274148241
0.5710000000000002 4.87014137671
0.5720000000000002 5.2149837934
0.5730000000000002 5.12268093109
0.5740000000000002 5.06978500952
0.5750000000000002 5.33746950072
0.5760000000000002 5.16785851866
0.5770000000000002 5.23142172308
0.5780000000000002 5.86366528502
0.5790000000000002 5.20170803223
0.5800000000000002 5.59301516051
0.5810000000000002 5.14347340765
0.5820000000000002 5.69473571227
0.5830000000000002 5.83146771851
0.5840000000000002 5.80880018578
0.5850000000000002 6.13123440424
0.5860000000000002 5.90200782904
0.5870000000000002 6.00787173949
0.5880000000000002 6.17405886778
0.5890000000000002 6.30939586615
0.5900000000000002 6.00287427484
0.5910000000000002 6.73877255469
0.5920000000000002 6.23836444054
0.5930000000000002 6.57007863519
0.5940000000000002 6.74732417578
0.5950000000000002 6.59053594481
0.5960000000000002 6.57512400873
0.5970000000000002 6.55513062132
0.5980000000000002 6.43342034613
0.5990000000000002 7.47670920274
0.6000000000000002 7.29246256586
0.6010000000000002 7.20081731688
0.6020000000000002 6.89761867332
0.6030000000000002 7.68507221739
0.6040000000000002 7.38609580748
0.6050000000000002 7.47906905333
0.6060000000000002 7.44927005835
0.6070000000000002 8.44234796861
0.6080000000000002 7.35865306421
0.6090000000000002 8.0224684223
0.6100000000000002 8.03725670844
0.6110000000000002 7.8271922793
0.6120000000000002 8.0619753253
0.6130000000000002 8.49862321397
0.6140000000000002 8.44520288062
0.6150000000000002 8.6634491516
0.6160000000000002 8.91535849547
0.6170000000000002 8.98820793993
0.6180000000000002 9.66353827875
0.6190000000000002 8.96481555602
0.6200000000000002 8.54392441351
0.6210000000000002 9.53546744371
0.6220000000000002 9.93274180414
0.6230000000000002 9.96021837885
0.6240000000000002 9.37182304613
0.6250000000000002 9.09854130707
0.6260000000000002 9.24576433099
0.6270000000000002 10.6616075205
0.6280000000000002 10.2043883938
0.6290000000000002 10.7401988078
0.6300000000000002 10.7760301018
0.6310000000000002 11.7652405516
0.6320000000000002 11.2129069199
0.6330000000000002 10.8318954487
0.6340000000000002 11.0455620541
0.6350000000000002 12.2550100674
0.6360000000000002 11.9639470154
0.6370000000000002 11.7874539208
0.6380000000000002 12.1579880154
0.6390000000000002 13.1583417168
0.6400000000000002 12.0366100585
0.6410000000000002 11.9718688493
0.6420000000000002 13.1486779009
0.6430000000000002 14.4962510559
0.6440000000000002 12.6602518024
0.6450000000000002 16.2674955389
0.6460000000000002 13.8252374863
0.6470000000000002 14.9467680898
0.6480000000000002 15.6963438989
0.6490000000000002 15.4529188911
0.6500000000000002 15.1328997055
0.6510000000000002 15.6022894941
0.6520000000000002 15.4165110126
0.6530000000000002 14.8627080566
0.6540000000000002 16.5571038516
0.6550000000000002 16.0759770798
0.6560000000000002 16.4603793941
0.6570000000000003 17.8182289746
0.6580000000000003 16.9724970994
0.6590000000000003 17.307073998
0.6600000000000003 18.9317635818
0.6610000000000003 18.7450545712
0.6620000000000003 18.476308324
0.6630000000000003 15.9886946221
0.6640000000000003 22.4416268173
0.6650000000000003 20.4470117737
0.6660000000000003 22.1516825244
0.6670000000000003 23.201150494
0.6680000000000003 20.4406300605
0.6690000000000003 22.6102729536
0.6700000000000003 21.1411517401
0.6710000000000003 21.5099439158
0.6720000000000003 27.8819784359
0.6730000000000003 22.8934310102
0.6740000000000003 22.491238496
0.6750000000000003 25.3813025131
0.6760000000000003 31.45660435
0.6770000000000003 23.541122406
0.6780000000000003 31.6168787502
0.6790000000000003 29.7701874451
0.6800000000000003 30.8029293877
0.6810000000000003 31.6553460056
0.6820000000000003 29.3742383408
0.6830000000000003 32.9932962573
0.6840000000000003 33.2595402197
0.6850000000000003 33.2562647045
0.6860000000000003 36.775215332
0.6870000000000003 42.5428026525
0.6880000000000003 38.6490932977
0.6890000000000003 45.0970078533
0.6900000000000003 36.2492340078
0.6910000000000003 47.2881863122
0.6920000000000003 49.0719988629
0.6930000000000003 43.2086314043
0.6940000000000003 36.6584335166
0.6950000000000003 44.4275356517
0.6960000000000003 48.9561873217
0.6970000000000003 50.6533356455
0.6980000000000003 49.8572165532
0.6990000000000003 64.6279780239
0.7000000000000003 54.723762916
0.7010000000000003 62.5828387749
0.7020000000000003 70.0979242218
0.7030000000000003 68.5967935248
0.7040000000000003 62.479592708
0.7050000000000003 72.928214352
0.7060000000000003 92.4201008891
0.7070000000000003 89.5308303036
0.7080000000000003 66.5183497768
0.7090000000000003 98.9707184311
0.7100000000000003 93.8455283348
0.7110000000000003 101.408823393
0.7120000000000003 96.0275690746
0.7130000000000003 116.529466104
0.7140000000000003 104.92932048
0.7150000000000003 119.258585981
0.7160000000000003 102.889812567
0.7170000000000003 122.084396243
0.7180000000000003 141.234839362
0.7190000000000003 138.903584753
0.7200000000000003 146.379149343
0.7210000000000003 135.360964576
0.7220000000000003 141.434250123
0.7230000000000003 140.721080584
0.7240000000000003 144.195507961
0.7250000000000003 147.261036932
0.7260000000000003 172.256894267
0.7270000000000003 179.324325943
0.7280000000000003 162.702166498
0.7290000000000003 199.154391052
0.7300000000000003 200.163380822
0.7310000000000003 217.759197806
0.7320000000000003 188.518287115
0.7330000000000003 178.419148673
0.7340000000000003 157.649635119
0.7350000000000003 203.578833543
0.7360000000000003 136.439402033
0.7370000000000003 160.593651935
0.7380000000000003 251.191558048
0.7390000000000003 185.904813194
0.7400000000000003 92.4883902832
0.7410000000000003 128.423245192
0.7420000000000003 147.153792887
0.7430000000000003 173.477377222
0.7440000000000003 155.508567332
0.7450000000000003 68.1715064257
0.7460000000000003 43.8096466592
0.7470000000000003 58.4752571843
0.7480000000000003 83.0947091108
0.7490000000000003 44.1126604382
0.7500000000000003 38.4579935454
0.7510000000000003 54.8815076923
0.7520000000000003 81.8668839936
0.7530000000000003 35.4226604096
0.7540000000000003 19.0495043838
0.7550000000000003 28.7431025876
0.7560000000000003 15.8828348456
0.7570000000000003 28.216551673
0.7580000000000003 17.0607441234
0.7590000000000003 45.4402057763
0.7600000000000003 22.3214858017
0.7610000000000003 21.7618073975
0.7620000000000003 59.1406819477
0.7630000000000003 12.3259783092
0.7640000000000003 12.5280244229
0.7650000000000003 22.6656084579
0.7660000000000003 7.97683596764
0.7670000000000003 11.0315317168
0.7680000000000003 15.5098835558
0.7690000000000003 8.14994823608
0.7700000000000004 9.14424076605
0.7710000000000004 13.1232584072
0.7720000000000004 7.3222971377
0.7730000000000004 8.34659047227
0.7740000000000004 8.54116118921
0.7750000000000004 5.93978788477
0.7760000000000004 7.27940192809
0.7770000000000004 4.96876000121
0.7780000000000004 5.72299831163
0.7790000000000004 4.12645516588
0.7800000000000004 6.72138293304
0.7810000000000004 4.44475270689
0.7820000000000004 4.90878458824
0.7830000000000004 4.23193279877
0.7840000000000004 6.94885847437
0.7850000000000004 3.03327119116
0.7860000000000004 4.85054707953
0.7870000000000004 4.00500209082
0.7880000000000004 3.30758583922
0.7890000000000004 3.68753701768
0.7900000000000004 4.41490780638
0.7910000000000004 2.93750656663
0.7920000000000004 4.50072998106
0.7930000000000004 2.97515577826
0.7940000000000004 2.39754728514
0.7950000000000004 3.25205331529
0.7960000000000004 3.10084281126
0.7970000000000004 3.56150377367
0.7980000000000004 2.1973498728
0.7990000000000004 2.38498085718
0.8000000000000004 2.81202753893
0.8010000000000004 2.41977207513
0.8020000000000004 2.46522425804
0.8030000000000004 2.69541150987
0.8040000000000004 2.4355707168
0.8050000000000004 1.59717398828
0.8060000000000004 1.88364295892
0.8070000000000004 2.05730929527
0.8080000000000004 1.79450763365
0.8090000000000004 1.66892890245
0.8100000000000004 2.24943725195
0.8110000000000004 2.09445731261
0.8120000000000004 1.415559338
0.8130000000000004 1.62833792345
0.8140000000000004 1.44796638647
0.8150000000000004 1.41826665228
0.8160000000000004 1.38849935492
0.8170000000000004 1.24678315904
0.8180000000000004 1.21901180609
0.8190000000000004 1.42549985924
0.8200000000000004 1.29115596625
0.8210000000000004 1.22950157127
0.8220000000000004 1.03160648436
0.8230000000000004 1.24230639305
0.8240000000000004 1.13179840277
0.8250000000000004 1.16202542749
0.8260000000000004 1.01541750719
0.8270000000000004 0.962449759995
0.8280000000000004 0.936108110946
0.8290000000000004 1.02830452513
0.8300000000000004 0.922480581284
0.8310000000000004 0.850241913818
0.8320000000000004 0.748917842774
0.8330000000000004 0.815831874252
0.8340000000000004 0.743427254623
0.8350000000000004 0.757789941406
0.8360000000000004 0.749786870102
0.8370000000000004 1.12161327171
0.8380000000000004 0.76830993309
0.8390000000000004 0.691610655213
0.8400000000000004 0.624721700302
0.8410000000000004 0.694439352035
0.8420000000000004 0.669078195251
0.8430000000000004 0.579223302841
0.8440000000000004 0.645040044785
0.8450000000000004 0.612810449219
0.8460000000000004 0.671489104599
0.8470000000000004 0.724188490662
0.8480000000000004 0.568423487411
0.8490000000000004 0.588944726563
0.8500000000000004 0.579393084961
0.8510000000000004 0.501834452149
0.8520000000000004 0.556529730225
0.8530000000000004 0.619132343506
0.8540000000000004 0.530944194199
0.8550000000000004 0.462321221298
0.8560000000000004 0.433301150146
0.8570000000000004 0.454651060486
0.8580000000000004 0.429335302185
0.8590000000000004 0.49223768335
0.8600000000000004 0.440841069275
0.8610000000000004 0.438837801757
0.8620000000000004 0.403297612244
0.8630000000000004 0.538463748642
0.8640000000000004 0.424691867614
0.8650000000000004 0.410870083237
0.8660000000000004 0.373967623962
0.8670000000000004 0.405075325791
0.8680000000000004 0.375393501953
0.8690000000000004 0.349144281006
0.8700000000000004 0.367235995544
0.8710000000000004 0.370882274414
0.8720000000000004 0.333808629746
0.8730000000000004 0.326296202087
0.8740000000000004 0.33716191156
0.8750000000000004 0.370116372009
0.8760000000000004 0.307086246201
0.8770000000000004 0.286596429443
0.8780000000000004 0.331194541001
0.8790000000000004 0.30472686499
0.8800000000000004 0.299854044784
0.8810000000000004 0.296680765366
0.8820000000000005 0.280230343689
0.8830000000000005 0.258477238755
0.8840000000000005 0.276503637146
0.8850000000000005 0.262415876709
0.8860000000000005 0.254336370849
0.8870000000000005 0.240481071029
0.8880000000000005 0.28890687494
0.8890000000000005 0.272026700912
0.8900000000000005 0.245991430115
0.8910000000000005 0.25209206543
0.8920000000000005 0.257812793945
0.8930000000000005 0.22503983641
0.8940000000000005 0.239615948105
0.8950000000000005 0.212515439392
0.8960000000000005 0.228139985336
0.8970000000000005 0.206522121811
0.8980000000000005 0.202203286072
0.8990000000000005 0.208935493103
0.9000000000000005 0.212245218541
