0.3 0.0
0.301 0.0986164264027
0.302 0.0980278431946
0.303 0.0991668278641
0.304 0.098926142455
0.305 0.100846007629
0.306 0.100933778039
0.307 0.0999987715904
0.308 0.102944706337
0.309 0.104805814739
0.31 0.103846084608
0.311 0.103957288767
0.312 0.105085432363
0.313 0.107803212412
0.314 0.108968967028
0.315 0.109767573395
0.316 0.111370352301
0.317 0.108297301471
0.318 0.11035818669
0.319 0.111205849075
0.32 0.111009013694
0.321 0.112292496431
0.322 0.115169278277
0.323 0.114076205696
0.324 0.118196116878
0.325 0.119712840045
0.326 0.119387188519
0.327 0.121971604376
0.328 0.117539280161
0.329 0.121848871186
0.33 0.119615840399
0.331 0.121065829849
0.332 0.120991455225
0.333 0.123556127902
0.334 0.124067667655
0.335 0.12818221135
0.336 0.126089822124
0.337 0.129154575143
0.338 0.125754169464
0.339 0.128362541278
0.34 0.126512575081
0.341 0.129385951567
0.342 0.130200932844
0.343 0.137046608881
0.34400000000000003 0.133752898181
0.34500000000000003 0.133613204277
0.34600000000000003 0.138032590022
0.34700000000000003 0.140964365508
0.34800000000000003 0.139529025583
0.34900000000000003 0.135439946618
0.35000000000000003 0.138268278888
0.35100000000000003 0.138085862316
0.35200000000000004 0.141618686702
0.35300000000000004 0.144488760849
0.35400000000000004 0.144002986072
0.35500000000000004 0.138367629366
0.35600000000000004 0.144619121771
0.35700000000000004 0.141046706034
0.35800000000000004 0.148102456458
0.35900000000000004 0.153210505615
0.36000000000000004 0.148603696
0.36100000000000004 0.150713793291
0.36200000000000004 0.153033120613
0.36300000000000004 0.15270006093
0.36400000000000005 0.158814267841
0.36500000000000005 0.155695565507
0.36600000000000005 0.159768934237
0.36700000000000005 0.158120024437
0.36800000000000005 0.153068391604
0.36900000000000005 0.158911776854
0.37000000000000005 0.155610272726
0.37100000000000005 0.160304677051
0.37200000000000005 0.164871275867
0.37300000000000005 0.164252941688
0.37400000000000005 0.167098224509
0.37500000000000006 0.164710646816
0.37600000000000006 0.166708575145
0.37700000000000006 0.167153712288
0.37800000000000006 0.169464070673
0.37900000000000006 0.172469649096
0.38000000000000006 0.1726095687
0.38100000000000006 0.173036141763
0.38200000000000006 0.177620873101
0.38300000000000006 0.179405479133
0.38400000000000006 0.175444224444
0.38500000000000006 0.171819511084
0.38600000000000007 0.17789779942
0.38700000000000007 0.184327740386
0.38800000000000007 0.186028656261
0.38900000000000007 0.185226940506
0.39000000000000007 0.182885767785
0.39100000000000007 0.17558576564
0.39200000000000007 0.186560312129
0.39300000000000007 0.190399078612
0.3940000000000001 0.193182828352
0.3950000000000001 0.194697741144
0.3960000000000001 0.193032392478
0.3970000000000001 0.191161218096
0.3980000000000001 0.191076748733
0.3990000000000001 0.19604717438
0.4000000000000001 0.197814824209
0.4010000000000001 0.202386363393
0.4020000000000001 0.212543884564
0.4030000000000001 0.210280831468
0.4040000000000001 0.202008692729
0.4050000000000001 0.203408687109
0.4060000000000001 0.211470039251
0.4070000000000001 0.203605238559
0.4080000000000001 0.211855058725
0.4090000000000001 0.211885289019
0.4100000000000001 0.206865723177
0.4110000000000001 0.216141199435
0.4120000000000001 0.217522723802
0.4130000000000001 0.216991832337
0.4140000000000001 0.222257052644
0.4150000000000001 0.227233666303
0.4160000000000001 0.224699935304
0.4170000000000001 0.223524924917
0.4180000000000001 0.223307160788
0.4190000000000001 0.225221394003
0.4200000000000001 0.237093577618
0.4210000000000001 0.229766138576
0.4220000000000001 0.22829175897
0.4230000000000001 0.231433645648
0.4240000000000001 0.233788450413
0.4250000000000001 0.229692302917
0.4260000000000001 0.241082313135
0.4270000000000001 0.239470420015
0.4280000000000001 0.238417672596
0.4290000000000001 0.246845995882
0.4300000000000001 0.241123745922
0.4310000000000001 0.252677969102
0.4320000000000001 0.248682778093
0.4330000000000001 0.255456548183
0.4340000000000001 0.2554997349
0.4350000000000001 0.25391071796
0.4360000000000001 0.259627614226
0.4370000000000001 0.250297371388
0.4380000000000001 0.260828238042
0.4390000000000001 0.256225373741
0.4400000000000001 0.266815430094
0.4410000000000001 0.267802610365
0.4420000000000001 0.268851343407
0.4430000000000001 0.270426637404
0.4440000000000001 0.275096241928
0.4450000000000001 0.280860911187
0.4460000000000001 0.285532046646
0.4470000000000001 0.288237787348
0.4480000000000001 0.307280144591
0.4490000000000001 0.291838370187
0.4500000000000001 0.28194298609
0.4510000000000001 0.288267872334
0.4520000000000001 0.294122614622
0.4530000000000001 0.29956147015
0.4540000000000001 0.29864592679
0.4550000000000001 0.310059029188
0.4560000000000001 0.29884721008
0.45700000000000013 0.303715015579
0.45800000000000013 0.314679722008
0.45900000000000013 0.312702384617
0.46000000000000013 0.314295854747
0.46100000000000013 0.304362368914
0.46200000000000013 0.310958534385
0.46300000000000013 0.301097505651
0.46400000000000013 0.328899778964
0.46500000000000014 0.333970709693
0.46600000000000014 0.334029705915
0.46700000000000014 0.320360349488
0.46800000000000014 0.32892192498
0.46900000000000014 0.320817277997
0.47000000000000014 0.332790129722
0.47100000000000014 0.331511926624
0.47200000000000014 0.353130074589
0.47300000000000014 0.354949813376
0.47400000000000014 0.358700831688
0.47500000000000014 0.345141464874
0.47600000000000015 0.357862775915
0.47700000000000015 0.340015702413
0.47800000000000015 0.37072516344
0.47900000000000015 0.384734268137
0.48000000000000015 0.3736664064
0.48100000000000015 0.382794815594
0.48200000000000015 0.377520508355
0.48300000000000015 0.361931677304
0.48400000000000015 0.396714728704
0.48500000000000015 0.392340569953
0.48600000000000015 0.380993466541
0.48700000000000015 0.386581229157
0.48800000000000016 0.37654805962
0.48900000000000016 0.394063582727
0.49000000000000016 0.404249588523
0.49100000000000016 0.41562513922
0.49200000000000016 0.398312704073
0.49300000000000016 0.413464556825
0.49400000000000016 0.421266072204
0.49500000000000016 0.407104610405
0.49600000000000016 0.409316152358
0.49700000000000016 0.438800678102
0.49800000000000016 0.43870155162
0.49900000000000017 0.431975907043
0.5000000000000001 0.433873622421
0.5010000000000001 0.46872427331
0.5020000000000001 0.448440166079
0.5030000000000001 0.451138267479
0.5040000000000001 0.440443201805
0.5050000000000001 0.49585927756
0.5060000000000001 0.469651916374
0.5070000000000001 0.457582540877
0.5080000000000001 0.481008381338
0.5090000000000001 0.489287705667
0.5100000000000001 0.473568636419
0.5110000000000001 0.502768004953
0.5120000000000001 0.4851564016
0.5130000000000001 0.488850745561
0.5140000000000001 0.516199110641
0.5150000000000001 0.481487680365
0.5160000000000001 0.516962123328
0.5170000000000001 0.52680382054
0.5180000000000001 0.542988324225
0.5190000000000001 0.510916035461
0.5200000000000001 0.532064049871
0.5210000000000001 0.55201741445
0.5220000000000001 0.540782088934
0.5230000000000001 0.549685777543
0.5240000000000001 0.538808134165
0.5250000000000001 0.567926450462
0.5260000000000001 0.586197405567
0.5270000000000001 0.576875230346
0.5280000000000001 0.568716609577
0.5290000000000001 0.576834091023
0.5300000000000001 0.589698365285
0.5310000000000001 0.585897457625
0.5320000000000001 0.585950183488
0.5330000000000001 0.604361851341
0.5340000000000001 0.589059280191
0.5350000000000001 0.638971999459
0.5360000000000001 0.639153472034
0.5370000000000001 0.599331080061
0.5380000000000001 0.659333980017
0.5390000000000001 0.639451466927
0.5400000000000001 0.644946965195
0.5410000000000001 0.667100971725
0.5420000000000001 0.648505240948
0.5430000000000001 0.652087011534
0.5440000000000002 0.696292034837
0.5450000000000002 0.686456172558
0.5460000000000002 0.652069326933
0.5470000000000002 0.70437071781
0.5480000000000002 0.683611168091
0.5490000000000002 0.714143429199
0.5500000000000002 0.729560468647
0.5510000000000002 0.699967641258
0.5520000000000002 0.694176855068
0.5530000000000002 0.7436301887
0.5540000000000002 0.730226904091
0.5550000000000002 0.756009152661
0.5560000000000002 0.773091473004
0.5570000000000002 0.798949164901
0.5580000000000002 0.779393034453
0.5590000000000002 0.802160201963
0.5600000000000002 0.862715051548
0.5610000000000002 0.82662623575
0.5620000000000002 0.773517308671
0.5630000000000002 0.809432240221
0.5640000000000002 0.823958568519
0.5650000000000002 0.856504431076
0.5660000000000002 0.827929732962
0.5670000000000002 0.834504583159
0.5680000000000002 0.82568888232
0.5690000000000002 0.933615782424
0.5700000000000002 0.849271006518
0.5710000000000002 0.906951341975
0.5720000000000002 0.914722998531
0.5730000000000002 0.970630777582
0.5740000000000002 0.937770872732
0.5750000000000002 0.97041131559
0.5760000000000002 0.966755474775
0.5770000000000002 0.979861921642
0.5780000000000002 0.96348293479
0.5790000000000002 1.04521948708
0.5800000000000002 1.01668452015
0.5810000000000002 1.00412954182
0.5820000000000002 1.06533243052
0.5830000000000002 1.04007406294
0.5840000000000002 1.01381554871
0.5850000000000002 1.05769675212
0.5860000000000002 1.04846545278
0.5870000000000002 1.0941759824
0.5880000000000002 1.06686192451
0.5890000000000002 1.09423420711
0.5900000000000002 1.10020090646
0.5910000000000002 1.16532753612
0.5920000000000002 1.17111551035
0.5930000000000002 1.1329132921
0.5940000000000002 1.10427838552
0.5950000000000002 1.12696822657
0.5960000000000002 1.213696755
0.5970000000000002 1.21593372043
0.5980000000000002 1.22351871949
0.5990000000000002 1.29249289858
0.6000000000000002 1.24801156749
0.6010000000000002 1.26410153964
0.6020000000000002 1.30933978946
0.6030000000000002 1.29130456152
0.6040000000000002 1.3500429298
0.6050000000000002 1.32957435411
0.6060000000000002 1.30316285243
0.6070000000000002 1.34927547385
0.6080000000000002 1.35531126399
0.6090000000000002 1.34524597749
0.6100000000000002 1.38324444906
0.6110000000000002 1.31356893284
0.6120000000000002 1.3981467735
0.6130000000000002 1.44821876035
0.6140000000000002 1.43607784456
0.6150000000000002 1.43980226391
0.6160000000000002 1.57691521212
0.6170000000000002 1.45920772501
0.6180000000000002 1.4961912996
0.6190000000000002 1.54659040968
0.6200000000000002 1.56931439455
0.6210000000000002 1.55940956376
0.6220000000000002 1.63992386293
0.6230000000000002 1.58650935732
0.6240000000000002 1.58844120692
0.6250000000000002 1.55904849997
0.6260000000000002 1.62620951985
0.6270000000000002 1.64519613656
0.6280000000000002 1.70860534709
0.6290000000000002 1.72880269296
0.6300000000000002 1.66874930382
0.6310000000000002 1.74165176387
0.6320000000000002 1.71309433557
0.6330000000000002 1.68701795196
0.6340000000000002 1.77440748157
0.6350000000000002 1.7916786164
0.6360000000000002 1.77109208943
0.6370000000000002 1.75720077123
0.6380000000000002 1.86568030326
0.6390000000000002 1.86668219559
0.6400000000000002 1.8481194599
0.6410000000000002 1.89146587553
0.6420000000000002 1.8778982735
0.6430000000000002 1.89315009936
0.6440000000000002 1.91493474239
0.6450000000000002 1.95926985288
0.6460000000000002 1.94122948426
0.6470000000000002 1.98384803634
0.6480000000000002 1.96404909694
0.6490000000000002 1.91287391099
0.6500000000000002 1.99023006529
0.6510000000000002 2.06776043821
0.6520000000000002 1.98121024558
0.6530000000000002 2.05710937769
0.6540000000000002 2.04117625284
0.6550000000000002 2.15483843091
0.6560000000000002 2.09431530672
0.6570000000000003 2.07651853594
0.6580000000000003 2.07632881456
0.6590000000000003 2.15302628785
0.6600000000000003 2.13286145664
0.6610000000000003 2.18914971909
0.6620000000000003 2.11847790489
0.6630000000000003 2.18638185069
0.6640000000000003 2.14172810199
0.6650000000000003 2.14611179191
0.6660000000000003 2.18957123856
0.6670000000000003 2.1829312667
0.6680000000000003 2.17101251793
0.6690000000000003 2.14491012773
0.6700000000000003 2.27254017133
0.6710000000000003 2.30140743606
0.6720000000000003 2.17357566024
0.6730000000000003 2.31866764135
0.6740000000000003 2.26410716002
0.6750000000000003 2.24225341457
0.6760000000000003 2.28154157497
0.6770000000000003 2.22884168525
0.6780000000000003 2.29328338703
0.6790000000000003 2.31647690812
0.6800000000000003 2.30691764589
0.6810000000000003 2.27444462983
0.6820000000000003 2.25776440615
0.6830000000000003 2.3739924815
0.6840000000000003 2.37795469441
0.6850000000000003 2.33552823588
0.6860000000000003 2.39254397308
0.6870000000000003 2.31805832348
0.6880000000000003 2.3887260942
0.6890000000000003 2.36561157177
0.6900000000000003 2.33245135091
0.6910000000000003 2.40608452391
0.6920000000000003 2.36532391145
0.6930000000000003 2.31981264187
0.6940000000000003 2.27453758514
0.6950000000000003 2.38557023694
0.6960000000000003 2.40067145012
0.6970000000000003 2.33472830957
0.6980000000000003 2.39497733448
0.6990000000000003 2.42443313759
0.7000000000000003 2.35710406012
0.7010000000000003 2.34204105222
0.7020000000000003 2.40565548868
0.7030000000000003 2.48013424675
0.7040000000000003 2.34843564478
0.7050000000000003 2.31604155193
0.7060000000000003 2.35348859737
0.7070000000000003 2.35051053608
0.7080000000000003 2.28530690406
0.7090000000000003 2.38481388621
0.7100000000000003 2.32667563286
0.7110000000000003 2.27432574335
0.7120000000000003 2.37772908327
0.7130000000000003 2.28748646302
0.7140000000000003 2.24502389232
0.7150000000000003 2.29275536443
0.7160000000000003 2.34238071217
0.7170000000000003 2.33674840217
0.7180000000000003 2.34429058509
0.7190000000000003 2.26412609887
0.7200000000000003 2.26525341906
0.7210000000000003 2.09381161957
0.7220000000000003 2.25514017845
0.7230000000000003 2.34629231451
0.7240000000000003 2.26947207367
0.7250000000000003 2.23332780197
0.7260000000000003 2.13444728715
0.7270000000000003 2.20565094649
0.7280000000000003 2.15569913371
0.7290000000000003 2.18803694046
0.7300000000000003 2.28296340044
0.7310000000000003 2.31149936293
0.7320000000000003 2.14529556013
0.7330000000000003 2.14667911604
0.7340000000000003 2.20298073895
0.7350000000000003 2.26184996205
0.7360000000000003 2.0660775294
0.7370000000000003 2.06325344011
0.7380000000000003 2.1877382459
0.7390000000000003 2.13871396365
0.7400000000000003 2.05437303684
0.7410000000000003 2.11704661226
0.7420000000000003 2.06233017012
0.7430000000000003 2.09079546762
0.7440000000000003 1.99801814291
0.7450000000000003 2.01656819095
0.7460000000000003 2.18851221552
0.7470000000000003 2.09724699832
0.7480000000000003 2.11899751358
0.7490000000000003 1.99488319499
0.7500000000000003 2.07947990942
0.7510000000000003 1.9662155693
0.7520000000000003 1.914362095
0.7530000000000003 1.91518960778
0.7540000000000003 1.96605284907
0.7550000000000003 1.94102943627
0.7560000000000003 1.85177315037
0.7570000000000003 1.99320605786
0.7580000000000003 1.79773711442
0.7590000000000003 1.98525044184
0.7600000000000003 1.91813358468
0.7610000000000003 1.84112630075
0.7620000000000003 1.96587431735
0.7630000000000003 1.75501686886
0.7640000000000003 1.9286599082
0.7650000000000003 1.78751761143
0.7660000000000003 1.74894315477
0.7670000000000003 1.74041999822
0.7680000000000003 1.7293569264
0.7690000000000003 1.6495892728
0.7700000000000004 1.75262579583
0.7710000000000004 1.72525510624
0.7720000000000004 1.69904895017
0.7730000000000004 1.70033074913
0.7740000000000004 1.75316805448
0.7750000000000004 1.64927473649
0.7760000000000004 1.62958532215
0.7770000000000004 1.54329189941
0.7780000000000004 1.52251013413
0.7790000000000004 1.4988653557
0.7800000000000004 1.57428752318
0.7810000000000004 1.61758361028
0.7820000000000004 1.46856913967
0.7830000000000004 1.55464306612
0.7840000000000004 1.48913096998
0.7850000000000004 1.4733410097
0.7860000000000004 1.41367125473
0.7870000000000004 1.49934134136
0.7880000000000004 1.62177886487
0.7890000000000004 1.62912821794
0.7900000000000004 1.36542939864
0.7910000000000004 1.50390205671
0.7920000000000004 1.29309553037
0.7930000000000004 1.49895643159
0.7940000000000004 1.39432085931
0.7950000000000004 1.3745831975
0.7960000000000004 1.39756861332
0.7970000000000004 1.28616041675
0.7980000000000004 1.48651572068
0.7990000000000004 1.42177679165
0.8000000000000004 1.26804041
0.8010000000000004 1.36118359155
0.8020000000000004 1.39921375177
0.8030000000000004 1.26048477528
0.8040000000000004 1.31781817832
0.8050000000000004 1.29748132269
0.8060000000000004 1.27221199572
0.8070000000000004 1.2452959764
0.8080000000000004 1.25901873737
0.8090000000000004 1.40203832894
0.8100000000000004 1.15290825917
0.8110000000000004 1.20135093861
0.8120000000000004 1.19527804249
0.8130000000000004 1.26311169409
0.8140000000000004 1.24694346623
0.8150000000000004 1.3834781831
0.8160000000000004 1.13493176615
0.8170000000000004 1.32104623474
0.8180000000000004 1.1740743555
0.8190000000000004 1.05060708498
0.8200000000000004 1.14372020819
0.8210000000000004 1.07427641342
0.8220000000000004 1.145244287
0.8230000000000004 1.06840474504
0.8240000000000004 1.01440300741
0.8250000000000004 1.02904278064
0.8260000000000004 1.06508022736
0.8270000000000004 1.08281028093
0.8280000000000004 1.17242795145
0.8290000000000004 1.05341376375
0.8300000000000004 1.00390293548
0.8310000000000004 1.03193338058
0.8320000000000004 1.05473359574
0.8330000000000004 0.985183045022
0.8340000000000004 1.00031697221
0.8350000000000004 1.0762379356
0.8360000000000004 1.04635199928
0.8370000000000004 0.896666916051
0.8380000000000004 0.927308663774
0.8390000000000004 0.971429268198
0.8400000000000004 0.881582160037
0.8410000000000004 0.913271247963
0.8420000000000004 0.898047510381
0.8430000000000004 0.917062075791
0.8440000000000004 0.963976115181
0.8450000000000004 0.852212496507
0.8460000000000004 0.940103114586
0.8470000000000004 0.930178772445
0.8480000000000004 1.0392563417
0.8490000000000004 0.816833303152
0.8500000000000004 0.810476916443
0.8510000000000004 0.837522598867
0.8520000000000004 0.851809978795
0.8530000000000004 0.877615464791
0.8540000000000004 0.836254858982
0.8550000000000004 0.867079165278
0.8560000000000004 0.794982793324
0.8570000000000004 0.824021182488
0.8580000000000004 0.7838402333
0.8590000000000004 0.963340272753
0.8600000000000004 0.7088963492
0.8610000000000004 0.726647592564
0.8620000000000004 0.87439723123
0.8630000000000004 0.836100937021
0.8640000000000004 0.60897093568
0.8650000000000004 0.70288986234
0.8660000000000004 0.794313507968
0.8670000000000004 0.800932019946
0.8680000000000004 0.673891657154
0.8690000000000004 0.75465891634
0.8700000000000004 0.704179225889
0.8710000000000004 0.767300827005
0.8720000000000004 0.709052546749
0.8730000000000004 0.733223471435
0.8740000000000004 0.695393526275
0.8750000000000004 0.790558996802
0.8760000000000004 0.841733084991
0.8770000000000004 0.688703125779
0.8780000000000004 0.674492652595
0.8790000000000004 0.708676099741
0.8800000000000004 0.660331294236
0.8810000000000004 0.652996799336
0.8820000000000005 0.634696328591
0.8830000000000005 0.692601777578
0.8840000000000005 0.631240363985
0.8850000000000005 0.630264369181
0.8860000000000005 0.592578117591
0.8870000000000005 0.645391308984
0.8880000000000005 0.622852014234
0.8890000000000005 0.688771943884
0.8900000000000005 0.602445509788
0.8910000000000005 0.567304019423
0.8920000000000005 0.672862013904
0.8930000000000005 0.58130108903
0.8940000000000005 0.581427187503
0.8950000000000005 0.640693709442
0.8960000000000005 0.561864042096
0.8970000000000005 0.647204425617
0.8980000000000005 0.603916979158
0.8990000000000005 0.534712993403
0.9000000000000005 0.573468173869
