0.3 0.0
0.301 0.00020703125
0.302 0.0009296875
0.303 0.00096875
0.304 0.00066015625
0.305 0.00151171875
0.306 0.0007421875
0.307 0.0004609375
0.308 0.0006875
0.309 0.0
0.31 0.00369140625
0.311 0.000796875
0.312 0.00195703125
0.313 0.00252734375
0.314 0.00140625
0.315 8.59375e-05
0.316 0.00219921875
0.317 0.0027265625
0.318 0.000421875
0.319 0.00164453125
0.32 0.00112109375
0.321 0.00384375
0.322 0.00712890625
0.323 0.00205859375
0.324 0.0044609375
0.325 0.00105078125
0.326 0.0039375
0.327 0.0029765625
0.328 0.0016953125
0.329 0.00214453125
0.33 0.0021953125
0.331 0.0011015625
0.332 0.000453125
0.333 0.00355859375
0.334 0.0056875
0.335 0.0003046875
0.336 0.003640625
0.337 0.00208203125
0.338 0.0031328125
0.339 0.00197265625
0.34 0.00059375
0.341 0.00145703125
0.342 0.0050390625
0.343 6.25e-05
0.34400000000000003 0.00687890625
0.34500000000000003 0.0019609375
0.34600000000000003 0.00122265625
0.34700000000000003 0.00021875
0.34800000000000003 0.000125
0.34900000000000003 0.00038671875
0.35000000000000003 0.0047265625
0.35100000000000003 0.0037265625
0.35200000000000004 0.0013203125
0.35300000000000004 0.00228125
0.35400000000000004 0.0010234375
0.35500000000000004 0.00254296875
0.35600000000000004 0.0008515625
0.35700000000000004 7.421875e-05
0.35800000000000004 0.00351171875
0.35900000000000004 0.00063671875
0.36000000000000004 0.00125390625
0.36100000000000004 0.00265234375
0.36200000000000004 0.00321484375
0.36300000000000004 0.002609375
0.36400000000000005 0.00135546875
0.36500000000000005 0.00182421875
0.36600000000000005 0.0013984375
0.36700000000000005 0.00139453125
0.36800000000000005 0.0035390625
0.36900000000000005 0.0021484375
0.37000000000000005 0.0003515625
0.37100000000000005 0.00026953125
0.37200000000000005 0.00092578125
0.37300000000000005 0.004453125
0.37400000000000005 0.00164453125
0.37500000000000006 0.00200390625
0.37600000000000006 0.00121875
0.37700000000000006 0.004421875
0.37800000000000006 0.0028828125
0.37900000000000006 0.001828125
0.38000000000000006 0.00383984375
0.38100000000000006 0.00083203125
0.38200000000000006 0.000421875
0.38300000000000006 0.00383203125
0.38400000000000006 0.00148046875
0.38500000000000006 0.004296875
0.38600000000000007 0.00119921875
0.38700000000000007 0.00483984375
0.38800000000000007 0.00301171875
0.38900000000000007 0.001140625
0.39000000000000007 0.0043984375
0.39100000000000007 0.00339453125
0.39200000000000007 0.00137109375
0.39300000000000007 0.0027421875
0.3940000000000001 0.0019765625
0.3950000000000001 0.00523046875
0.3960000000000001 0.00047265625
0.3970000000000001 0.0020390625
0.3980000000000001 0.00489453125
0.3990000000000001 0.00159765625
0.4000000000000001 0.00100390625
0.4010000000000001 0.0004609375
0.4020000000000001 0.00016796875
0.4030000000000001 0.00078515625
0.4040000000000001 0.0018046875
0.4050000000000001 0.00090234375
0.4060000000000001 0.00261328125
0.4070000000000001 0.005078125
0.4080000000000001 0.00634765625
0.4090000000000001 0.00640625
0.4100000000000001 0.004265625
0.4110000000000001 0.00155859375
0.4120000000000001 0.00226953125
0.4130000000000001 0.0041328125
0.4140000000000001 0.00253515625
0.4150000000000001 0.0045234375
0.4160000000000001 0.00243359375
0.4170000000000001 0.0064921875
0.4180000000000001 0.00305859375
0.4190000000000001 0.00216015625
0.4200000000000001 0.001484375
0.4210000000000001 0.002140625
0.4220000000000001 0.0042890625
0.4230000000000001 0.00460546875
0.4240000000000001 0.001
0.4250000000000001 0.0063984375
0.4260000000000001 0.00107421875
0.4270000000000001 0.0040078125
0.4280000000000001 0.00019921875
0.4290000000000001 0.00234765625
0.4300000000000001 0.00486328125
0.4310000000000001 0.001078125
0.4320000000000001 0.00950390625
0.4330000000000001 0.003140625
0.4340000000000001 0.00503515625
0.4350000000000001 0.00900390625
0.4360000000000001 0.00632421875
0.4370000000000001 0.00287109375
0.4380000000000001 0.00575390625
0.4390000000000001 0.00141015625
0.4400000000000001 0.00612109375
0.4410000000000001 0.00352734375
0.4420000000000001 0.00139453125
0.4430000000000001 1.5625e-05
0.4440000000000001 0.0004765625
0.4450000000000001 0.0114765625
0.4460000000000001 0.00362890625
0.4470000000000001 0.00152734375
0.4480000000000001 0.00651171875
0.4490000000000001 0.001078125
0.4500000000000001 0.00311328125
0.4510000000000001 0.00015625
0.4520000000000001 0.000953125
0.4530000000000001 0.0006484375
0.4540000000000001 0.0045859375
0.4550000000000001 0.0041875
0.4560000000000001 0.00574609375
0.45700000000000013 0.0079296875
0.45800000000000013 0.00140625
0.45900000000000013 0.0038046875
0.46000000000000013 0.0053125
0.46100000000000013 0.00248046875
0.46200000000000013 0.00907421875
0.46300000000000013 0.0051796875
0.46400000000000013 0.00049609375
0.46500000000000014 0.00244921875
0.46600000000000014 0.01526953125
0.46700000000000014 0.0037890625
0.46800000000000014 0.0044765625
0.46900000000000014 0.00973828125
0.47000000000000014 0.0046484375
0.47100000000000014 0.0144921875
0.47200000000000014 0.00923046875
0.47300000000000014 0.00457421875
0.47400000000000014 0.0043984375
0.47500000000000014 0.0045625
0.47600000000000015 0.01021484375
0.47700000000000015 0.00819140625
0.47800000000000015 0.00163671875
0.47900000000000015 0.00618359375
0.48000000000000015 0.00530078125
0.48100000000000015 0.008171875
0.48200000000000015 0.00525
0.48300000000000015 0.0049765625
0.48400000000000015 0.00521875
0.48500000000000015 0.00225390625
0.48600000000000015 0.00894921875
0.48700000000000015 0.00394140625
0.48800000000000016 0.002796875
0.48900000000000016 0.0093671875
0.49000000000000016 0.00825
0.49100000000000016 0.0030234375
0.49200000000000016 0.0017734375
0.49300000000000016 0.00168359375
0.49400000000000016 0.006953125
0.49500000000000016 0.00333203125
0.49600000000000016 0.00685546875
0.49700000000000016 0.00078515625
0.49800000000000016 0.0006328125
0.49900000000000017 0.00737890625
0.5000000000000001 0.011390625
0.5010000000000001 0.0135
0.5020000000000001 0.00686328125
0.5030000000000001 0.000296875
0.5040000000000001 0.00203515625
0.5050000000000001 0.01401171875
0.5060000000000001 0.00284765625
0.5070000000000001 0.012140625
0.5080000000000001 0.011140625
0.5090000000000001 0.0108359375
0.5100000000000001 0.00422265625
0.5110000000000001 0.0027109375
0.5120000000000001 0.00422265625
0.5130000000000001 0.00013671875
0.5140000000000001 0.00266015625
0.5150000000000001 0.00623828125
0.5160000000000001 0.0082109375
0.5170000000000001 0.00590234375
0.5180000000000001 0.01659375
0.5190000000000001 0.00837890625
0.5200000000000001 0.00562109375
0.5210000000000001 0.01430078125
0.5220000000000001 0.00251953125
0.5230000000000001 0.0013828125
0.5240000000000001 0.005890625
0.5250000000000001 0.012875
0.5260000000000001 0.00246875
0.5270000000000001 0.0040546875
0.5280000000000001 0.0149375
0.5290000000000001 0.00272265625
0.5300000000000001 0.0049765625
0.5310000000000001 0.00154296875
0.5320000000000001 0.02192578125
0.5330000000000001 0.00545703125
0.5340000000000001 0.00573046875
0.5350000000000001 0.00776953125
0.5360000000000001 0.001046875
0.5370000000000001 0.00551171875
0.5380000000000001 0.01399609375
0.5390000000000001 0.00169140625
0.5400000000000001 0.0086875
0.5410000000000001 0.0065625
0.5420000000000001 0.00396875
0.5430000000000001 0.016546875
0.5440000000000002 0.00562109375
0.5450000000000002 0.0114296875
0.5460000000000002 0.0109140625
0.5470000000000002 0.01456640625
0.5480000000000002 0.01525390625
0.5490000000000002 0.00213671875
0.5500000000000002 0.00226953125
0.5510000000000002 0.00783984375
0.5520000000000002 0.005515625
0.5530000000000002 0.00616015625
0.5540000000000002 0.00039453125
0.5550000000000002 0.007015625
0.5560000000000002 0.01154296875
0.5570000000000002 0.0132265625
0.5580000000000002 0.01315625
0.5590000000000002 0.01477734375
0.5600000000000002 0.000890625
0.5610000000000002 0.01196875
0.5620000000000002 0.00698828125
0.5630000000000002 0.00761328125
0.5640000000000002 0.01092578125
0.5650000000000002 0.004765625
0.5660000000000002 0.0101171875
0.5670000000000002 0.01064453125
0.5680000000000002 0.001453125
0.5690000000000002 0.0148046875
0.5700000000000002 0.00078515625
0.5710000000000002 0.00401171875
0.5720000000000002 0.007265625
0.5730000000000002 0.01166015625
0.5740000000000002 0.00871875
0.5750000000000002 0.00942578125
0.5760000000000002 0.02919140625
0.5770000000000002 0.01702734375
0.5780000000000002 0.00266796875
0.5790000000000002 0.02616015625
0.5800000000000002 0.00365625
0.5810000000000002 0.00712109375
0.5820000000000002 0.03855859375
0.5830000000000002 0.00866796875
0.5840000000000002 0.00608203125
0.5850000000000002 0.0105
0.5860000000000002 0.0208671875
0.5870000000000002 0.0089140625
0.5880000000000002 0.05157421875
0.5890000000000002 0.01208984375
0.5900000000000002 0.0125234375
0.5910000000000002 0.020296875
0.5920000000000002 0.00099609375
0.5930000000000002 0.00962890625
0.5940000000000002 0.02280078125
0.5950000000000002 0.0064375
0.5960000000000002 0.03847265625
0.5970000000000002 0.0163125
0.5980000000000002 0.00279296875
0.5990000000000002 0.019375
0.6000000000000002 0.025703125
0.6010000000000002 0.00880859375
0.6020000000000002 0.0546953125
0.6030000000000002 0.01687890625
0.6040000000000002 0.01363671875
0.6050000000000002 0.01435546875
0.6060000000000002 0.0197890625
0.6070000000000002 0.006046875
0.6080000000000002 0.0414140625
0.6090000000000002 0.00880859375
0.6100000000000002 0.0043515625
0.6110000000000002 0.01460546875
0.6120000000000002 0.01655078125
0.6130000000000002 0.0063515625
0.6140000000000002 0.04231640625
0.6150000000000002 0.0289765625
0.6160000000000002 0.02219921875
0.6170000000000002 0.03959765625
0.6180000000000002 0.007953125
0.6190000000000002 0.00578125
0.6200000000000002 0.01487890625
0.6210000000000002 0.03370703125
0.6220000000000002 0.0041953125
0.6230000000000002 0.005828125
0.6240000000000002 0.0075703125
0.6250000000000002 0.05409375
0.6260000000000002 0.01413671875
0.6270000000000002 0.01762890625
0.6280000000000002 0.002203125
0.6290000000000002 0.01625390625
0.6300000000000002 0.0189375
0.6310000000000002 0.0150625
0.6320000000000002 0.05429296875
0.6330000000000002 0.0114921875
0.6340000000000002 0.00530078125
0.6350000000000002 0.05949609375
0.6360000000000002 0.0394609375
0.6370000000000002 0.00859765625
0.6380000000000002 0.0275234375
0.6390000000000002 0.030640625
0.6400000000000002 0.0473828125
0.6410000000000002 0.01021875
0.6420000000000002 0.03265234375
0.6430000000000002 0.01645703125
0.6440000000000002 0.02788671875
0.6450000000000002 0.07983203125
0.6460000000000002 0.0208046875
0.6470000000000002 0.00508984375
0.6480000000000002 0.06344921875
0.6490000000000002 0.01037109375
0.6500000000000002 0.0582421875
0.6510000000000002 0.02532421875
0.6520000000000002 0.03985546875
0.6530000000000002 0.0337109375
0.6540000000000002 0.08774609375
0.6550000000000002 0.0709765625
0.6560000000000002 0.0388125
0.6570000000000003 0.02270703125
0.6580000000000003 0.0234453125
0.6590000000000003 0.0114609375
0.6600000000000003 0.071
0.6610000000000003 0.0582265625
0.6620000000000003 0.03484375
0.6630000000000003 0.003765625
0.6640000000000003 0.049453125
0.6650000000000003 0.05051171875
0.6660000000000003 0.02130078125
0.6670000000000003 0.037890625
0.6680000000000003 0.02544921875
0.6690000000000003 0.08133203125
0.6700000000000003 0.00992578125
0.6710000000000003 0.02451953125
0.6720000000000003 0.05033984375
0.6730000000000003 0.00953515625
0.6740000000000003 0.126359375
0.6750000000000003 0.05445703125
0.6760000000000003 0.03787890625
0.6770000000000003 0.0281328125
0.6780000000000003 0.079125
0.6790000000000003 0.0118671875
0.6800000000000003 0.012421875
0.6810000000000003 0.0490703125
0.6820000000000003 0.0519375
0.6830000000000003 0.0412578125
0.6840000000000003 0.09207421875
0.6850000000000003 0.0391171875
0.6860000000000003 0.00385546875
0.6870000000000003 0.058109375
0.6880000000000003 0.0307421875
0.6890000000000003 0.07776953125
0.6900000000000003 0.0185078125
0.6910000000000003 0.03886328125
0.6920000000000003 0.06011328125
0.6930000000000003 0.0541328125
0.6940000000000003 0.02090625
0.6950000000000003 0.0681796875
0.6960000000000003 0.1176171875
0.6970000000000003 0.0372109375
0.6980000000000003 0.01779296875
0.6990000000000003 0.0003984375
0.7000000000000003 0.10566796875
0.7010000000000003 0.0206796875
0.7020000000000003 0.00691015625
0.7030000000000003 0.1236328125
0.7040000000000003 0.1456953125
0.7050000000000003 0.031734375
0.7060000000000003 0.0489375
0.7070000000000003 0.019484375
0.7080000000000003 0.13530078125
0.7090000000000003 0.0933828125
0.7100000000000003 0.0680078125
0.7110000000000003 0.06390234375
0.7120000000000003 0.12159375
0.7130000000000003 0.02418359375
0.7140000000000003 0.00883984375
0.7150000000000003 0.09469921875
0.7160000000000003 0.05866015625
0.7170000000000003 0.05072265625
0.7180000000000003 0.01471875
0.7190000000000003 0.032390625
0.7200000000000003 0.0755390625
0.7210000000000003 0.07303125
0.7220000000000003 0.11645703125
0.7230000000000003 0.2275546875
0.7240000000000003 0.1319375
0.7250000000000003 0.04055078125
0.7260000000000003 0.2039921875
0.7270000000000003 0.0212890625
0.7280000000000003 0.089609375
0.7290000000000003 0.032109375
0.7300000000000003 0.035859375
0.7310000000000003 0.07665234375
0.7320000000000003 0.0823984375
0.7330000000000003 0.0188359375
0.7340000000000003 0.02553125
0.7350000000000003 0.2415078125
0.7360000000000003 0.05164453125
0.7370000000000003 0.012109375
0.7380000000000003 0.12947265625
0.7390000000000003 0.1448125
0.7400000000000003 0.15008203125
0.7410000000000003 0.01083203125
0.7420000000000003 0.00383203125
0.7430000000000003 0.01001171875
0.7440000000000003 0.02512890625
0.7450000000000003 0.060953125
0.7460000000000003 0.0833671875
0.7470000000000003 0.15000390625
0.7480000000000003 0.0698671875
0.7490000000000003 0.10992578125
0.7500000000000003 0.23032421875
0.7510000000000003 0.12618359375
0.7520000000000003 0.122125
0.7530000000000003 0.1795625
0.7540000000000003 0.00828125
0.7550000000000003 0.01563671875
0.7560000000000003 0.09514453125
0.7570000000000003 0.16228125
0.7580000000000003 0.02644921875
0.7590000000000003 0.1923515625
0.7600000000000003 0.06821875
0.7610000000000003 0.1630546875
0.7620000000000003 0.0429765625
0.7630000000000003 0.16875
0.7640000000000003 0.1213046875
0.7650000000000003 0.18507421875
0.7660000000000003 0.17154296875
0.7670000000000003 0.01337109375
0.7680000000000003 0.08471875
0.7690000000000003 0.36665625
0.7700000000000004 0.0357734375
0.7710000000000004 0.1100078125
0.7720000000000004 0.19894140625
0.7730000000000004 0.19697265625
0.7740000000000004 0.13365234375
0.7750000000000004 0.10133984375
0.7760000000000004 0.03901953125
0.7770000000000004 0.20701953125
0.7780000000000004 0.2648046875
0.7790000000000004 0.05768359375
0.7800000000000004 0.46866015625
0.7810000000000004 0.4433125
0.7820000000000004 0.20006640625
0.7830000000000004 0.1412421875
0.7840000000000004 0.0092734375
0.7850000000000004 0.21356640625
0.7860000000000004 0.1236875
0.7870000000000004 0.38002734375
0.7880000000000004 0.0632421875
0.7890000000000004 0.0015078125
0.7900000000000004 0.082203125
0.7910000000000004 0.03928515625
0.7920000000000004 0.2989296875
0.7930000000000004 0.08708203125
0.7940000000000004 0.19776953125
0.7950000000000004 0.30121484375
0.7960000000000004 0.04664453125
0.7970000000000004 0.00066015625
0.7980000000000004 0.50572265625
0.7990000000000004 0.7027890625
0.8000000000000004 0.36351171875
0.8010000000000004 0.30394140625
0.8020000000000004 0.12165234375
0.8030000000000004 0.3785234375
0.8040000000000004 0.144640625
0.8050000000000004 0.01600390625
0.8060000000000004 0.54355078125
0.8070000000000004 0.002
0.8080000000000004 0.34391015625
0.8090000000000004 0.560203125
0.8100000000000004 0.09470703125
0.8110000000000004 0.14587109375
0.8120000000000004 0.26203515625
0.8130000000000004 0.27068359375
0.8140000000000004 0.10776953125
0.8150000000000004 0.01551953125
0.8160000000000004 0.0772421875
0.8170000000000004 0.1586171875
0.8180000000000004 0.27844921875
0.8190000000000004 0.82108203125
0.8200000000000004 0.164734375
0.8210000000000004 0.94076171875
0.8220000000000004 0.33164453125
0.8230000000000004 0.44359375
0.8240000000000004 0.91877734375
0.8250000000000004 0.23141015625
0.8260000000000004 0.54632421875
0.8270000000000004 0.21844140625
0.8280000000000004 0.08013671875
0.8290000000000004 0.30926171875
0.8300000000000004 0.0777890625
0.8310000000000004 0.47301953125
0.8320000000000004 0.28443359375
0.8330000000000004 0.1040625
0.8340000000000004 0.10263671875
0.8350000000000004 0.059796875
0.8360000000000004 0.45096875
0.8370000000000004 0.7682578125
0.8380000000000004 0.11946484375
0.8390000000000004 0.1775859375
0.8400000000000004 0.456453125
0.8410000000000004 0.599203125
0.8420000000000004 0.09531640625
0.8430000000000004 0.4769296875
0.8440000000000004 0.600578125
0.8450000000000004 0.5172109375
0.8460000000000004 0.03131640625
0.8470000000000004 0.45423828125
0.8480000000000004 0.25462109375
0.8490000000000004 0.36911328125
0.8500000000000004 0.67859375
0.8510000000000004 0.82109765625
0.8520000000000004 0.14333984375
0.8530000000000004 0.3347421875
0.8540000000000004 0.7211015625
0.8550000000000004 0.31215625
0.8560000000000004 0.729109375
0.8570000000000004 0.24201953125
0.8580000000000004 0.28225390625
0.8590000000000004 0.13786328125
0.8600000000000004 0.9638125
0.8610000000000004 0.2069765625
0.8620000000000004 0.0837421875
0.8630000000000004 0.903921875
0.8640000000000004 0.96825390625
0.8650000000000004 0.12371875
0.8660000000000004 0.6458203125
0.8670000000000004 0.841328125
0.8680000000000004 0.18584765625
0.8690000000000004 0.3174609375
0.8700000000000004 0.965078125
0.8710000000000004 0.0126015625
0.8720000000000004 0.9143359375
0.8730000000000004 0.54502734375
0.8740000000000004 0.850484375
0.8750000000000004 0.39528125
0.8760000000000004 0.96112109375
0.8770000000000004 0.5207109375
0.8780000000000004 0.967828125
0.8790000000000004 0.96587890625
0.8800000000000004 0.30797265625
0.8810000000000004 0.44951171875
0.8820000000000005 0.03016796875
0.8830000000000005 0.96793359375
0.8840000000000005 0.728046875
0.8850000000000005 0.97052734375
0.8860000000000005 0.64376953125
0.8870000000000005 0.1242265625
0.8880000000000005 0.01030078125
0.8890000000000005 0.93064453125
0.8900000000000005 0.20303125
0.8910000000000005 0.01118359375
0.8920000000000005 0.582171875
0.8930000000000005 0.973
0.8940000000000005 0.37404296875
0.8950000000000005 0.62920703125
0.8960000000000005 0.43251171875
0.8970000000000005 0.0183671875
0.8980000000000005 0.9729375
0.8990000000000005 0.9751328125
0.9000000000000005 0.97440695712
