0.3 0.0
0.301 0.950666717773
0.302 0.910827246094
0.303 0.959714996094
0.304 0.935308959961
0.305 0.991623670898
0.306 0.952536246094
0.307 0.962555152344
0.308 0.967878433594
0.309 0.974739339844
0.31 0.960627725586
0.311 0.9766938125
0.312 0.974201014648
0.313 0.973489686523
0.314 1.01795530859
0.315 0.987044183594
0.316 1.04135056152
0.317 0.977991109375
0.318 1.01366923437
0.319 0.989952725586
0.32 1.00835577246
0.321 0.999092984375
0.322 1.02941620215
0.323 1.02377253809
0.324 1.04685
0.325 1.02411989746
0.326 1.04340671484
0.327 1.05949810938
0.328 1.06250625
0.329 1.07600921777
0.33 1.0979609375
0.331 1.06845949609
0.332 1.08880715234
0.333 1.06015144434
0.334 1.06858937109
0.335 1.12630123438
0.336 1.09786793359
0.337 1.09205972559
0.338 1.10937935937
0.339 1.08371109277
0.34 1.07628271484
0.341 1.0719721084
0.342 1.11221787109
0.343 1.11518360938
0.34400000000000003 1.13356503027
0.34500000000000003 1.12145849609
0.34600000000000003 1.15784874121
0.34700000000000003 1.11572173438
0.34800000000000003 1.11485371484
0.34900000000000003 1.15010281152
0.35000000000000003 1.17317798437
0.35100000000000003 1.13533475
0.35200000000000004 1.17164858984
0.35300000000000004 1.18645224609
0.35400000000000004 1.18358583984
0.35500000000000004 1.14795389746
0.35600000000000004 1.18666265234
0.35700000000000004 1.09842570215
0.35800000000000004 1.19726967871
0.35900000000000004 1.21359061621
0.36000000000000004 1.21790737402
0.36100000000000004 1.1988024209
0.36200000000000004 1.22050824121
0.36300000000000004 1.23480999609
0.36400000000000005 1.25615378027
0.36500000000000005 1.24776795996
0.36600000000000005 1.24372568359
0.36700000000000005 1.22155151465
0.36800000000000005 1.22508310937
0.36900000000000005 1.23885387109
0.37000000000000005 1.22436655859
0.37100000000000005 1.22655464746
0.37200000000000005 1.27692682715
0.37300000000000005 1.307528375
0.37400000000000005 1.27820741309
0.37500000000000006 1.27266194434
0.37600000000000006 1.26703480859
0.37700000000000006 1.2754531875
0.37800000000000006 1.2826918125
0.37900000000000006 1.29891110937
0.38000000000000006 1.30442745215
0.38100000000000006 1.31157952246
0.38200000000000006 1.32343124609
0.38300000000000006 1.37020757715
0.38400000000000006 1.37230675684
0.38500000000000006 1.29810548437
0.38600000000000007 1.35693511621
0.38700000000000007 1.35320446777
0.38800000000000007 1.4137157959
0.38900000000000007 1.39923827734
0.39000000000000007 1.376377125
0.39100000000000007 1.33048088965
0.39200000000000007 1.4068251709
0.39300000000000007 1.4011161875
0.3940000000000001 1.4278593125
0.3950000000000001 1.43749535059
0.3960000000000001 1.44077647559
0.3970000000000001 1.45764725
0.3980000000000001 1.39152807715
0.3990000000000001 1.3822338584
0.4000000000000001 1.4188722959
0.4010000000000001 1.43534046484
0.4020000000000001 1.5486767959
0.4030000000000001 1.49660702246
0.4040000000000001 1.44571523437
0.4050000000000001 1.42707028809
0.4060000000000001 1.50476842871
0.4070000000000001 1.46882574609
0.4080000000000001 1.47463717871
0.4090000000000001 1.47996183984
0.4100000000000001 1.515575875
0.4110000000000001 1.5129017334
0.4120000000000001 1.52824776465
0.4130000000000001 1.51878480859
0.4140000000000001 1.55110906152
0.4150000000000001 1.55669996484
0.4160000000000001 1.54231178809
0.4170000000000001 1.5431994375
0.4180000000000001 1.54199859277
0.4190000000000001 1.55500388184
0.4200000000000001 1.6158671875
0.4210000000000001 1.59206562109
0.4220000000000001 1.58015060938
0.4230000000000001 1.62100245996
0.4240000000000001 1.60482687109
0.4250000000000001 1.6237730625
0.4260000000000001 1.64078708496
0.4270000000000001 1.63206623437
0.4280000000000001 1.62901077246
0.4290000000000001 1.70055234277
0.4300000000000001 1.64784870996
0.4310000000000001 1.67185512109
0.4320000000000001 1.67224062402
0.4330000000000001 1.70179890234
0.4340000000000001 1.68932112402
0.4350000000000001 1.73370463965
0.4360000000000001 1.70380749121
0.4370000000000001 1.70689788965
0.4380000000000001 1.7814001084
0.4390000000000001 1.67593897559
0.4400000000000001 1.76214686621
0.4410000000000001 1.78259393652
0.4420000000000001 1.74978070215
0.4430000000000001 1.78286318359
0.4440000000000001 1.82450485938
0.4450000000000001 1.81249074609
0.4460000000000001 1.8545471084
0.4470000000000001 1.87089058496
0.4480000000000001 1.96117631934
0.4490000000000001 1.84708730859
0.4500000000000001 1.81825605371
0.4510000000000001 1.8836568125
0.4520000000000001 1.88532762109
0.4530000000000001 1.90636985937
0.4540000000000001 1.9401859375
0.4550000000000001 1.95190402734
0.4560000000000001 1.89243643652
0.45700000000000013 1.89060465234
0.45800000000000013 1.93167780859
0.45900000000000013 2.00051548437
0.46000000000000013 1.97978421484
0.46100000000000013 1.90902214746
0.46200000000000013 1.94804300684
0.46300000000000013 1.97585585937
0.46400000000000013 2.01408103027
0.46500000000000014 2.07552405371
0.46600000000000014 2.09182256934
0.46700000000000014 2.04887858984
0.46800000000000014 2.01542280859
0.46900000000000014 2.02168734277
0.47000000000000014 2.049223375
0.47100000000000014 2.02750840234
0.47200000000000014 2.13952257715
0.47300000000000014 2.15019761621
0.47400000000000014 2.22012148438
0.47500000000000014 2.155617125
0.47600000000000015 2.16502378027
0.47700000000000015 2.04386374121
0.47800000000000015 2.22098859277
0.47900000000000015 2.23999088965
0.48000000000000015 2.23005124902
0.48100000000000015 2.2854215
0.48200000000000015 2.24395918359
0.48300000000000015 2.189018375
0.48400000000000015 2.35960499609
0.48500000000000015 2.28368131934
0.48600000000000015 2.30611788184
0.48700000000000015 2.35369718652
0.48800000000000016 2.22463123438
0.48900000000000016 2.32871327734
0.49000000000000016 2.34451235937
0.49100000000000016 2.376286625
0.49200000000000016 2.38975874609
0.49300000000000016 2.42035268652
0.49400000000000016 2.3932569375
0.49500000000000016 2.39384624902
0.49600000000000016 2.38590866309
0.49700000000000016 2.5340736709
0.49800000000000016 2.47604287109
0.49900000000000017 2.45469777246
0.5000000000000001 2.44602980859
0.5010000000000001 2.5564685
0.5020000000000001 2.55690561621
0.5030000000000001 2.5326606875
0.5040000000000001 2.44711249121
0.5050000000000001 2.76545206934
0.5060000000000001 2.58005993652
0.5070000000000001 2.60267177734
0.5080000000000001 2.69618715234
0.5090000000000001 2.73762975
0.5100000000000001 2.59753259277
0.5110000000000001 2.72039023438
0.5120000000000001 2.59569268652
0.5130000000000001 2.6778179209
0.5140000000000001 2.77229347559
0.5150000000000001 2.67853768652
0.5160000000000001 2.85796523438
0.5170000000000001 2.77684928809
0.5180000000000001 2.8590219375
0.5190000000000001 2.7154196084
0.5200000000000001 2.75474530371
0.5210000000000001 2.97619549902
0.5220000000000001 2.88520089746
0.5230000000000001 2.94841543359
0.5240000000000001 2.79773085938
0.5250000000000001 2.90454685938
0.5260000000000001 3.0215388125
0.5270000000000001 2.98314052734
0.5280000000000001 3.00302793359
0.5290000000000001 2.98919453027
0.5300000000000001 3.06661630859
0.5310000000000001 3.0163329834
0.5320000000000001 3.00908884277
0.5330000000000001 3.05448816309
0.5340000000000001 3.0553726084
0.5350000000000001 3.1757594834
0.5360000000000001 3.1423056875
0.5370000000000001 3.06583062402
0.5380000000000001 3.21808690527
0.5390000000000001 3.19454372559
0.5400000000000001 3.21525380859
0.5410000000000001 3.279985875
0.5420000000000001 3.20545218359
0.5430000000000001 3.27306452734
0.5440000000000002 3.29277712402
0.5450000000000002 3.3220625
0.5460000000000002 3.31289796484
0.5470000000000002 3.4598619834
0.5480000000000002 3.31012620215
0.5490000000000002 3.41262362402
0.5500000000000002 3.46232776465
0.5510000000000002 3.32951940527
0.5520000000000002 3.2964824375
0.5530000000000002 3.45023910059
0.5540000000000002 3.47222932715
0.5550000000000002 3.45861905859
0.5560000000000002 3.51187566309
0.5570000000000002 3.63484558984
0.5580000000000002 3.55162985938
0.5590000000000002 3.6688599209
0.5600000000000002 3.77879199609
0.5610000000000002 3.6930549375
0.5620000000000002 3.51984967871
0.5630000000000002 3.60595628027
0.5640000000000002 3.70010622559
0.5650000000000002 3.72440949609
0.5660000000000002 3.64450771484
0.5670000000000002 3.70311682715
0.5680000000000002 3.7027875
0.5690000000000002 3.94666387109
0.5700000000000002 3.70212105371
0.5710000000000002 3.90050284277
0.5720000000000002 3.91267525
0.5730000000000002 3.99487243652
0.5740000000000002 3.907771
0.5750000000000002 4.0891596084
0.5760000000000002 4.10081833496
0.5770000000000002 4.00741811621
0.5780000000000002 3.99603362402
0.5790000000000002 4.20632170996
0.5800000000000002 4.16114599609
0.5810000000000002 4.10873296777
0.5820000000000002 4.15331402246
0.5830000000000002 4.23025363184
0.5840000000000002 4.09752035059
0.5850000000000002 4.19844468359
0.5860000000000002 4.15451155859
0.5870000000000002 4.3079115
0.5880000000000002 4.2252219834
0.5890000000000002 4.25529936621
0.5900000000000002 4.276609625
0.5910000000000002 4.39962923438
0.5920000000000002 4.47475134277
0.5930000000000002 4.33979035059
0.5940000000000002 4.28735046777
0.5950000000000002 4.30852465234
0.5960000000000002 4.4332705459
0.5970000000000002 4.53492435938
0.5980000000000002 4.50871784277
0.5990000000000002 4.62047748437
0.6000000000000002 4.55039308984
0.6010000000000002 4.51962796777
0.6020000000000002 4.652474
0.6030000000000002 4.61198532715
0.6040000000000002 4.66356846777
0.6050000000000002 4.69472341309
0.6060000000000002 4.56085123438
0.6070000000000002 4.72243710937
0.6080000000000002 4.64704983984
0.6090000000000002 4.65380909277
0.6100000000000002 4.73456937109
0.6110000000000002 4.58927807715
0.6120000000000002 4.78499941309
0.6130000000000002 4.79091860937
0.6140000000000002 4.77129862402
0.6150000000000002 4.77303918359
0.6160000000000002 5.02629139746
0.6170000000000002 4.76050144434
0.6180000000000002 4.9310336875
0.6190000000000002 4.94264074609
0.6200000000000002 5.00856722559
0.6210000000000002 4.84344881934
0.6220000000000002 4.91606699609
0.6230000000000002 4.94835808984
0.6240000000000002 4.94149124609
0.6250000000000002 4.90244485937
0.6260000000000002 5.06972849121
0.6270000000000002 5.09725269434
0.6280000000000002 5.13713818359
0.6290000000000002 5.07293259277
0.6300000000000002 5.02008793359
0.6310000000000002 5.06889833984
0.6320000000000002 5.09045772559
0.6330000000000002 5.10583975
0.6340000000000002 5.17811843652
0.6350000000000002 4.99268609277
0.6360000000000002 5.11338155859
0.6370000000000002 4.86947299902
0.6380000000000002 5.10756449609
0.6390000000000002 5.09563873438
0.6400000000000002 5.14247574609
0.6410000000000002 5.15526523438
0.6420000000000002 5.1689511709
0.6430000000000002 5.11226277246
0.6440000000000002 5.15496520996
0.6450000000000002 5.26901208496
0.6460000000000002 5.215791625
0.6470000000000002 5.2114847959
0.6480000000000002 5.02753513184
0.6490000000000002 5.00311046777
0.6500000000000002 5.24313123437
0.6510000000000002 5.22813571777
0.6520000000000002 5.09651522559
0.6530000000000002 5.193152875
0.6540000000000002 5.10853963965
0.6550000000000002 5.2433755625
0.6560000000000002 5.12386933984
0.6570000000000003 5.01815631934
0.6580000000000003 5.27842310937
0.6590000000000003 5.1024005625
0.6600000000000003 5.08766983984
0.6610000000000003 5.108295375
0.6620000000000003 5.10684048437
0.6630000000000003 5.20553748437
0.6640000000000003 4.8045438125
0.6650000000000003 4.98702507715
0.6660000000000003 4.95948558496
0.6670000000000003 5.10162137109
0.6680000000000003 5.03978395996
0.6690000000000003 4.77727702246
0.6700000000000003 5.21756511621
0.6710000000000003 5.14942991309
0.6720000000000003 4.70063468652
0.6730000000000003 5.04288741309
0.6740000000000003 4.98643560937
0.6750000000000003 4.78933432715
0.6760000000000003 4.90320381934
0.6770000000000003 4.58893623438
0.6780000000000003 4.90397860938
0.6790000000000003 4.85834975
0.6800000000000003 4.51679418359
0.6810000000000003 4.39059108984
0.6820000000000003 4.43410423438
0.6830000000000003 4.63849025
0.6840000000000003 4.8051861709
0.6850000000000003 4.68870905859
0.6860000000000003 5.00089007715
0.6870000000000003 4.52426046484
0.6880000000000003 4.6970511875
0.6890000000000003 4.76069296777
0.6900000000000003 4.51553548438
0.6910000000000003 4.70273022559
0.6920000000000003 4.43756757715
0.6930000000000003 4.48504812109
0.6940000000000003 4.05221215234
0.6950000000000003 4.36236683984
0.6960000000000003 4.37679235938
0.6970000000000003 4.31603735938
0.6980000000000003 4.30957519434
0.6990000000000003 4.16142333984
0.7000000000000003 4.24569124121
0.7010000000000003 4.04376808984
0.7020000000000003 4.21824843652
0.7030000000000003 4.3749768125
0.7040000000000003 4.12774130859
0.7050000000000003 3.90024130859
0.7060000000000003 4.02616183984
0.7070000000000003 4.2921750625
0.7080000000000003 3.8882929209
0.7090000000000003 3.96456943359
0.7100000000000003 3.69024074609
0.7110000000000003 3.68684665527
0.7120000000000003 3.91531030859
0.7130000000000003 3.65305425684
0.7140000000000003 3.56075095215
0.7150000000000003 3.68041003027
0.7160000000000003 3.86029722559
0.7170000000000003 3.46022452246
0.7180000000000003 3.702080875
0.7190000000000003 3.46205458984
0.7200000000000003 3.41527077734
0.7210000000000003 3.01187671484
0.7220000000000003 3.44111315527
0.7230000000000003 3.71431543359
0.7240000000000003 3.1848019375
0.7250000000000003 3.21517643652
0.7260000000000003 2.95306421484
0.7270000000000003 3.22151871484
0.7280000000000003 3.07131240234
0.7290000000000003 3.07549140234
0.7300000000000003 3.13520775
0.7310000000000003 3.22521560059
0.7320000000000003 3.00636465234
0.7330000000000003 2.82118733984
0.7340000000000003 3.024096625
0.7350000000000003 3.2494269375
0.7360000000000003 2.8006496084
0.7370000000000003 2.58036523438
0.7380000000000003 3.01389382715
0.7390000000000003 2.79418058984
0.7400000000000003 2.6232502334
0.7410000000000003 2.77089975684
0.7420000000000003 2.77229644434
0.7430000000000003 2.76668725684
0.7440000000000003 2.63099997559
0.7450000000000003 2.46165812109
0.7460000000000003 2.92153152734
0.7470000000000003 2.62461757715
0.7480000000000003 2.7347461875
0.7490000000000003 2.50354870996
0.7500000000000003 2.6723923584
0.7510000000000003 2.26591159277
0.7520000000000003 2.1095350625
0.7530000000000003 2.38884921484
0.7540000000000003 2.37261452734
0.7550000000000003 2.19387868652
0.7560000000000003 2.1176367959
0.7570000000000003 2.31109860937
0.7580000000000003 1.96397124902
0.7590000000000003 2.4290081875
0.7600000000000003 2.155935875
0.7610000000000003 2.04710693359
0.7620000000000003 2.3258718125
0.7630000000000003 1.8399018125
0.7640000000000003 2.12812880859
0.7650000000000003 1.97265807715
0.7660000000000003 1.86149216309
0.7670000000000003 1.8007129209
0.7680000000000003 1.80048105859
0.7690000000000003 1.65560543359
0.7700000000000004 1.79330215234
0.7710000000000004 1.72548248438
0.7720000000000004 1.68703277246
0.7730000000000004 1.75154285059
0.7740000000000004 1.82755515527
0.7750000000000004 1.5997601084
0.7760000000000004 1.67155221777
0.7770000000000004 1.35034147559
0.7780000000000004 1.328367125
0.7790000000000004 1.21770114746
0.7800000000000004 1.39574157715
0.7810000000000004 1.56324873438
0.7820000000000004 1.27964928809
0.7830000000000004 1.32879110938
0.7840000000000004 1.2915365
0.7850000000000004 1.3487755459
0.7860000000000004 1.16236935937
0.7870000000000004 1.25922143652
0.7880000000000004 1.6096224375
0.7890000000000004 1.56380543359
0.7900000000000004 1.08852248437
0.7910000000000004 1.36732112402
0.7920000000000004 1.03864025
0.7930000000000004 1.23961480371
0.7940000000000004 1.22716456152
0.7950000000000004 1.1357211709
0.7960000000000004 1.16853437402
0.7970000000000004 0.943008202148
0.7980000000000004 1.3012826084
0.7990000000000004 1.179639125
0.8000000000000004 1.00153374121
0.8010000000000004 1.28616970215
0.8020000000000004 1.17392966309
0.8030000000000004 0.956058734375
0.8040000000000004 1.02009023437
0.8050000000000004 1.00205827246
0.8060000000000004 0.917714795898
0.8070000000000004 0.91904475
0.8080000000000004 0.908328428711
0.8090000000000004 1.14618248438
0.8100000000000004 0.735213897461
0.8110000000000004 0.870945928711
0.8120000000000004 0.857729686523
0.8130000000000004 0.955191834961
0.8140000000000004 0.878775577148
0.8150000000000004 1.24806345215
0.8160000000000004 0.733956933594
0.8170000000000004 1.0170806875
0.8180000000000004 0.819224249023
0.8190000000000004 0.650678124023
0.8200000000000004 0.772607308594
0.8210000000000004 0.703794920898
0.8220000000000004 0.782476280273
0.8230000000000004 0.657008734375
0.8240000000000004 0.611396202148
0.8250000000000004 0.659336303711
0.8260000000000004 0.650814428711
0.8270000000000004 0.693999131836
0.8280000000000004 0.780441131836
0.8290000000000004 0.670307655273
0.8300000000000004 0.564688714844
0.8310000000000004 0.600575850586
0.8320000000000004 0.680753944336
0.8330000000000004 0.565585777344
0.8340000000000004 0.535472186523
0.8350000000000004 0.755300683594
0.8360000000000004 0.704654859375
0.8370000000000004 0.472409625
0.8380000000000004 0.470787889648
0.8390000000000004 0.616231859375
0.8400000000000004 0.459154339844
0.8410000000000004 0.568211558594
0.8420000000000004 0.484219256836
0.8430000000000004 0.518417984375
0.8440000000000004 0.547636683594
0.8450000000000004 0.404104652344
0.8460000000000004 0.508340311523
0.8470000000000004 0.487824100586
0.8480000000000004 0.645116249023
0.8490000000000004 0.368492452148
0.8500000000000004 0.44798975
0.8510000000000004 0.382538866211
0.8520000000000004 0.450339913086
0.8530000000000004 0.471743746094
0.8540000000000004 0.435190777344
0.8550000000000004 0.461484214844
0.8560000000000004 0.382318359375
0.8570000000000004 0.407744116211
0.8580000000000004 0.324728983398
0.8590000000000004 0.593421827148
0.8600000000000004 0.252080375
0.8610000000000004 0.328815609375
0.8620000000000004 0.463100933594
0.8630000000000004 0.404319234375
0.8640000000000004 0.205929561523
0.8650000000000004 0.312486371094
0.8660000000000004 0.419551839844
0.8670000000000004 0.4471449375
0.8680000000000004 0.246891795898
0.8690000000000004 0.355116214844
0.8700000000000004 0.272308984375
0.8710000000000004 0.363357308594
0.8720000000000004 0.270671777344
0.8730000000000004 0.354933389648
0.8740000000000004 0.280703609375
0.8750000000000004 0.479899625
0.8760000000000004 0.442238358398
0.8770000000000004 0.3487328125
0.8780000000000004 0.249789359375
0.8790000000000004 0.324670897461
0.8800000000000004 0.276409717773
0.8810000000000004 0.285537928711
0.8820000000000005 0.219592374023
0.8830000000000005 0.292715155273
0.8840000000000005 0.2477693125
0.8850000000000005 0.238187280273
0.8860000000000005 0.205621866211
0.8870000000000005 0.264230121094
0.8880000000000005 0.206624678711
0.8890000000000005 0.264546241211
0.8900000000000005 0.193378121094
0.8910000000000005 0.222431522461
0.8920000000000005 0.2870338125
0.8930000000000005 0.173890875
0.8940000000000005 0.211728084961
0.8950000000000005 0.263907217773
0.8960000000000005 0.177773819336
0.8970000000000005 0.22788125
0.8980000000000005 0.2105965
0.8990000000000005 0.151158246094
0.9000000000000005 0.18249061785
