0.0 0.0
0.001 0.323320703125
0.002 0.426443682617
0.003 0.488625837646
0.004 0.488626195313
0.005 0.382080107178
0.006 0.438839105469
0.007 0.312585655273
0.008 0.285582224365
0.009000000000000001 0.470698734375
0.010000000000000002 0.382434075928
0.011000000000000003 0.377881439209
0.012000000000000004 0.533419265381
0.013000000000000005 0.501122068115
0.014000000000000005 0.551089144531
0.015000000000000006 0.438668026367
0.016000000000000007 0.429145741943
0.017000000000000008 0.42417030249
0.01800000000000001 0.376496923584
0.01900000000000001 0.44409433374
0.02000000000000001 0.443590564209
0.02100000000000001 0.435809306396
0.022000000000000013 0.483223769287
0.023000000000000013 0.40897323999
0.024000000000000014 0.400176698975
0.025000000000000015 0.376473553711
0.026000000000000016 0.470976005615
0.027000000000000017 0.493723144287
0.028000000000000018 0.531446209961
0.02900000000000002 0.490677509521
0.03000000000000002 0.420408056396
0.03100000000000002 0.514159979492
0.03200000000000002 0.577257542969
0.03300000000000002 0.405795515381
0.03400000000000002 0.528242282959
0.035000000000000024 0.586842210937
0.036000000000000025 0.524498876709
0.037000000000000026 0.452532420898
0.03800000000000003 0.475023045898
0.03900000000000003 0.450808358398
0.04000000000000003 0.487336907959
0.04100000000000003 0.534580222412
0.04200000000000003 0.570730316162
0.04300000000000003 0.518265693115
0.04400000000000003 0.570319085937
0.04500000000000003 0.530122484375
0.046000000000000034 0.574589657959
0.047000000000000035 0.565931374756
0.048000000000000036 0.589214800781
0.04900000000000004 0.568629785156
0.05000000000000004 0.562543472656
0.05100000000000004 0.65688794043
0.05200000000000004 0.610358882813
0.05300000000000004 0.583551019287
0.05400000000000004 0.501022070068
0.05500000000000004 0.632598949219
0.05600000000000004 0.574823828125
0.057000000000000044 0.71171355249
0.058000000000000045 0.571373154053
0.059000000000000045 0.645742733398
0.060000000000000046 0.610042557617
0.06100000000000005 0.651209482178
0.06200000000000005 0.6287978396
0.06300000000000004 0.63526178125
0.06400000000000004 0.653850189209
0.06500000000000004 0.701170015625
0.06600000000000004 0.714499050537
0.06700000000000005 0.687459466553
0.06800000000000005 0.68412103418
0.06900000000000005 0.804503288818
0.07000000000000005 0.686952138428
0.07100000000000005 0.738669666992
0.07200000000000005 0.775431495117
0.07300000000000005 0.804229974365
0.07400000000000005 0.769335550781
0.07500000000000005 0.74977244043
0.07600000000000005 0.846179195312
0.07700000000000005 0.846674022461
0.07800000000000006 0.760119413818
0.07900000000000006 0.82610321875
0.08000000000000006 0.895986854492
0.08100000000000006 0.876974999023
0.08200000000000006 0.996436972412
0.08300000000000006 0.86381525
0.08400000000000006 0.802047959961
0.08500000000000006 0.984819818115
0.08600000000000006 1.07249026465
0.08700000000000006 0.944963991943
0.08800000000000006 0.888548679443
0.08900000000000007 1.01550548438
0.09000000000000007 1.02892290796
0.09100000000000007 1.04424479468
0.09200000000000007 1.0514206228
0.09300000000000007 1.06185934668
0.09400000000000007 1.16419143335
0.09500000000000007 1.09418439062
0.09600000000000007 1.17565844116
0.09700000000000007 1.26712820703
0.09800000000000007 1.1346791748
0.09900000000000007 1.14048542871
0.10000000000000007 1.28051872827
0.10100000000000008 1.36082169702
0.10200000000000008 1.21503747046
0.10300000000000008 1.19923053491
0.10400000000000008 1.22301985449
0.10500000000000008 1.11698403906
0.10600000000000008 1.35294696069
0.10700000000000008 1.47717992163
0.10800000000000008 1.4190835459
0.10900000000000008 1.49030058569
0.11000000000000008 1.39987033179
0.11100000000000008 1.48598536108
0.11200000000000009 1.47294857788
0.11300000000000009 1.51416899512
0.11400000000000009 1.71282462793
0.11500000000000009 1.67403914453
0.11600000000000009 1.5281475625
0.11700000000000009 1.6798449021
0.11800000000000009 1.55929148218
0.11900000000000009 1.68954195703
0.12000000000000009 1.69039972266
0.1210000000000001 1.73710097656
0.1220000000000001 1.96942876562
0.1230000000000001 2.06888864746
0.1240000000000001 1.74093954468
0.12500000000000008 1.73805248804
0.12600000000000008 2.19426791382
0.12700000000000009 2.23096279297
0.12800000000000009 2.0547659353
0.1290000000000001 2.18736411108
0.1300000000000001 2.17133789453
0.1310000000000001 2.32475441016
0.1320000000000001 2.6911872439
0.1330000000000001 2.62005905762
0.1340000000000001 2.48990568335
0.1350000000000001 2.67488867187
0.1360000000000001 2.95272417944
0.1370000000000001 2.78226204077
0.1380000000000001 3.03145886499
0.1390000000000001 3.12904433594
0.1400000000000001 2.92083623022
0.1410000000000001 3.23598289038
0.1420000000000001 3.47360064063
0.1430000000000001 3.01297402734
0.1440000000000001 3.52154756934
0.1450000000000001 3.53868678687
0.1460000000000001 3.83594261328
0.1470000000000001 5.05785922827
0.1480000000000001 4.4084817373
0.1490000000000001 4.78277536621
0.1500000000000001 5.09423852319
0.1510000000000001 5.06974221655
0.1520000000000001 5.04818679663
0.1530000000000001 5.44434813843
0.1540000000000001 5.90616122437
0.1550000000000001 5.32775353296
0.1560000000000001 5.8915670498
0.1570000000000001 4.93377959741
0.1580000000000001 6.05470303687
0.1590000000000001 7.48261444702
0.16000000000000011 7.99643174219
0.16100000000000012 8.96116774902
0.16200000000000012 8.45244527734
0.16300000000000012 8.43331657202
0.16400000000000012 9.29570516382
0.16500000000000012 9.67007051733
0.16600000000000012 8.65882394507
0.16700000000000012 9.50535619043
0.16800000000000012 9.9907291709
0.16900000000000012 12.8562401638
0.17000000000000012 15.873111793
0.17100000000000012 14.4654699314
0.17200000000000013 11.3227750576
0.17300000000000013 15.2145572947
0.17400000000000013 15.0810222634
0.17500000000000013 20.3712489688
0.17600000000000013 24.2658973398
0.17700000000000013 25.4476750693
0.17800000000000013 62.6302028103
0.17900000000000013 44.7847861826
0.18000000000000013 34.8880370212
0.18100000000000013 48.8271698826
0.18200000000000013 52.2483458669
0.18300000000000013 100.395760233
0.18400000000000014 119.407867039
0.18500000000000014 280.221004828
0.18600000000000014 212.839056488
0.18700000000000014 90.699484365
0.18800000000000014 176.233196804
0.18900000000000014 101.327384453
0.19000000000000014 83.2563530029
0.19100000000000014 75.7358317539
0.19200000000000014 84.284139249
0.19300000000000014 51.4410486013
0.19400000000000014 36.7526614822
0.19500000000000015 400.284604187
0.19600000000000015 8.16048363672
0.19700000000000015 5.07584486108
0.19800000000000015 5.00179730859
0.19900000000000015 3.67814998999
0.20000000000000015 3.90508493652
0.20100000000000015 2.81135060156
0.20200000000000015 2.80043685156
0.20300000000000015 2.26732275
0.20400000000000015 4.03528635156
0.20500000000000015 2.45194180444
0.20600000000000016 1.63643537012
0.20700000000000016 1.58503244043
0.20800000000000016 1.31237065405
0.20900000000000016 1.33178041406
0.21000000000000016 1.30537749121
0.21100000000000016 1.32812719116
0.21200000000000016 1.14566320093
0.21300000000000016 0.891030018554
0.21400000000000016 0.89203030371
0.21500000000000016 0.769865332031
0.21600000000000016 0.808181542969
0.21700000000000016 0.681800790771
0.21800000000000017 0.662443104491
0.21900000000000017 0.60164419043
0.22000000000000017 0.575550810301
0.22100000000000017 0.608580992188
0.22200000000000017 0.550384597413
0.22300000000000017 0.581119081055
0.22400000000000017 0.540212810303
0.22500000000000017 0.426929112306
0.22600000000000017 0.510318974366
0.22700000000000017 0.42621311499
0.22800000000000017 0.444483280273
0.22900000000000018 0.420670146241
0.23000000000000018 0.390363925539
0.23100000000000018 0.363516044679
0.23200000000000018 0.356331781008
0.23300000000000018 0.290816600587
0.23400000000000018 0.298337925782
0.23500000000000018 0.311076612306
0.23600000000000018 0.279828897461
0.23700000000000018 0.265068415769
0.23800000000000018 0.295447557617
0.23900000000000018 0.256578017335
0.24000000000000019 0.250600503905
0.2410000000000002 0.250196454836
0.2420000000000002 0.213127342775
0.2430000000000002 0.217362556397
0.2440000000000002 0.219117120116
0.2450000000000002 0.202677828127
0.2460000000000002 0.207193534912
0.2470000000000002 0.196848714844
0.2480000000000002 0.182833245852
0.2490000000000002 0.187597143553
0.25000000000000017 0.186387933594
0.25100000000000017 0.167418738036
0.25200000000000017 0.163058154054
0.25300000000000017 0.167092034912
0.25400000000000017 0.156339423584
0.25500000000000017 0.152755935302
0.25600000000000017 0.141800970459
0.2570000000000002 0.156614691163
0.2580000000000002 0.139510406249
0.2590000000000002 0.131886371095
0.2600000000000002 0.138600185302
0.2610000000000002 0.123290721682
0.2620000000000002 0.13100144043
0.2630000000000002 0.117344929442
0.2640000000000002 0.12463134375
0.2650000000000002 0.102397587647
0.2660000000000002 0.114920312255
0.2670000000000002 0.105785124757
0.2680000000000002 0.10331580835
0.2690000000000002 0.106801101319
0.2700000000000002 0.0949777499991
0.2710000000000002 0.0987669687511
0.2720000000000002 0.0930063376472
0.2730000000000002 0.0911622145977
0.2740000000000002 0.0918525661618
0.2750000000000002 0.0975226267074
0.2760000000000002 0.0894999997563
0.2770000000000002 0.0838843154288
0.2780000000000002 0.0848363454606
0.2790000000000002 0.0796581423347
0.2800000000000002 0.0766027187492
0.2810000000000002 0.0794086318347
0.2820000000000002 0.0791965271001
0.2830000000000002 0.0673829685074
0.2840000000000002 0.069412909912
0.2850000000000002 0.0704706826182
0.2860000000000002 0.0658565368649
0.2870000000000002 0.0645475974125
0.2880000000000002 0.0626122146004
0.2890000000000002 0.0588353415533
0.2900000000000002 0.0555659118636
0.2910000000000002 0.0629002685546
0.2920000000000002 0.0559366286634
0.2930000000000002 0.0558618103023
0.2940000000000002 0.0577298476546
0.2950000000000002 0.057475269532
0.2960000000000002 0.0563514882797
0.2970000000000002 0.0547553310535
0.2980000000000002 0.0548786716299
0.2990000000000002 0.050888832031
0.3000000000000002 0.050718807619
0.3010000000000002 0.0522677451154
0.3020000000000002 0.0459199899906
0.3030000000000002 0.0476228884272
0.3040000000000002 0.0470344882797
0.3050000000000002 0.0445258278796
0.3060000000000002 0.0407732773438
0.3070000000000002 0.0439318203134
0.3080000000000002 0.0402823242184
0.3090000000000002 0.0420005771502
0.3100000000000002 0.0401715231947
0.3110000000000002 0.0402649411626
0.3120000000000002 0.0398431826179
0.3130000000000002 0.0374825195322
0.3140000000000002 0.0357456044931
0.3150000000000002 0.0349094326193
0.3160000000000002 0.0353073974602
0.3170000000000002 0.0371695017093
0.3180000000000002 0.0361085312506
0.31900000000000023 0.0339076931177
0.32000000000000023 0.0318101562498
0.32100000000000023 0.0322976406242
0.32200000000000023 0.0303366110838
0.32300000000000023 0.0318324704604
0.32400000000000023 0.0315752243623
0.32500000000000023 0.0305020507803
0.32600000000000023 0.0294694606964
0.32700000000000023 0.0284890231942
0.32800000000000024 0.0290334169931
0.32900000000000024 0.0277131540533
0.33000000000000024 0.0256198024908
0.33100000000000024 0.0257255349134
0.33200000000000024 0.0242173220231
0.33300000000000024 0.0264598142076
0.33400000000000024 0.0244292165535
0.33500000000000024 0.0247978271509
0.33600000000000024 0.0243588623034
0.33700000000000024 0.0232950937498
0.33800000000000024 0.022186376711
0.33900000000000025 0.0209934287122
0.34000000000000025 0.022243505613
0.34100000000000025 0.0221266306144
0.34200000000000025 0.0209141249979
0.34300000000000025 0.0228804685066
0.34400000000000025 0.0184575107432
0.34500000000000025 0.0198955466294
0.34600000000000025 0.0194345153795
0.34700000000000025 0.019572503661
0.34800000000000025 0.0186454091781
0.34900000000000025 0.0183102966294
0.35000000000000026 0.0188330849614
0.35100000000000026 0.0179958669432
0.35200000000000026 0.0178757907688
0.35300000000000026 0.0168099099119
0.35400000000000026 0.0172686523438
0.35500000000000026 0.0170242539043
0.35600000000000026 0.0149120603
0.35700000000000026 0.0152431796869
0.35800000000000026 0.0160455017085
0.35900000000000026 0.0155967343744
0.36000000000000026 0.0160191481918
0.36100000000000027 0.0150041188954
0.36200000000000027 0.0145960693371
0.36300000000000027 0.0138762851548
0.36400000000000027 0.0142291367174
0.36500000000000027 0.0129895263653
0.36600000000000027 0.0146201540556
0.36700000000000027 0.0123689365228
0.36800000000000027 0.0125411708996
0.36900000000000027 0.01314675293
0.3700000000000003 0.0134295310072
0.3710000000000003 0.0123667968746
0.3720000000000003 0.0126906796886
0.3730000000000003 0.0120567382837
0.3740000000000003 0.0115343124999
0.3750000000000003 0.0115967263191
0.3760000000000003 0.0116613193368
0.3770000000000003 0.0114570583464
0.3780000000000003 0.0113690029302
0.3790000000000003 0.010768181397
0.3800000000000003 0.0103125192873
0.3810000000000003 0.0103585117176
0.3820000000000003 0.010537632812
0.3830000000000003 0.010163311521
0.3840000000000003 0.010079003905
0.3850000000000003 0.0103691406239
0.3860000000000003 0.00903745996038
0.3870000000000003 0.00904645605624
0.3880000000000003 0.0091307373059
0.3890000000000003 0.00903183203081
0.3900000000000003 0.00924494116407
0.3910000000000003 0.0093609375017
0.3920000000000003 0.00847369115945
0.3930000000000003 0.00865725683616
0.3940000000000003 0.00809867163298
0.3950000000000003 0.00844877905365
0.3960000000000003 0.00783378808592
0.3970000000000003 0.00775894433536
0.3980000000000003 0.00753835547039
0.3990000000000003 0.00767718725729
0.4000000000000003 0.00697270605451
0.4010000000000003 0.00670317968797
0.4020000000000003 0.00734358178852
0.4030000000000003 0.00692283178796
0.4040000000000003 0.00721527245878
0.4050000000000003 0.00695687890766
0.4060000000000003 0.00688446655477
0.4070000000000003 0.00688373412959
0.4080000000000003 0.00636193750324
0.4090000000000003 0.00643196264718
0.4100000000000003 0.0057710876481
0.4110000000000003 0.00615790136726
0.4120000000000003 0.0058353395998
0.4130000000000003 0.00592364355361
0.4140000000000003 0.00627342749067
0.4150000000000003 0.00652032006838
0.4160000000000003 0.0055256601554
0.4170000000000003 0.00561273827952
0.4180000000000003 0.00553671875059
0.4190000000000003 0.00535907812809
0.4200000000000003 0.00547489038217
0.4210000000000003 0.00523494116169
0.4220000000000003 0.00495217870957
0.4230000000000003 0.00515212402388
0.4240000000000003 0.00479284277208
0.4250000000000003 0.00473806152331
0.4260000000000003 0.00489296875094
0.4270000000000003 0.00479495092804
0.4280000000000003 0.00443737792921
0.4290000000000003 0.00445572241006
0.4300000000000003 0.00437490136756
0.4310000000000003 0.00471094824206
0.43200000000000033 0.00422487402284
0.43300000000000033 0.00380710547142
0.43400000000000033 0.00394033203156
0.43500000000000033 0.00430521875023
0.43600000000000033 0.00402684936489
0.43700000000000033 0.00383198217969
0.43800000000000033 0.00408896484441
0.43900000000000033 0.00356971655128
0.44000000000000034 0.00342214355442
0.44100000000000034 0.00381949975781
0.44200000000000034 0.00357929297024
0.44300000000000034 0.00377572631805
0.44400000000000034 0.00341100000151
0.44500000000000034 0.00322686498839
0.44600000000000034 0.00343113256713
0.44700000000000034 0.0034460524912
0.44800000000000034 0.0032611130373
0.44900000000000034 0.0032153786633
0.45000000000000034 0.00305273437698
0.45100000000000035 0.00312033593764
0.45200000000000035 0.00291464843758
0.45300000000000035 0.00294550683793
0.45400000000000035 0.00288392358379
0.45500000000000035 0.00293430639613
0.45600000000000035 0.00297994116227
0.45700000000000035 0.00303222045841
0.45800000000000035 0.00314406152393
0.45900000000000035 0.00265992089589
0.46000000000000035 0.00255950171049
0.46100000000000035 0.0024811110834
0.46200000000000035 0.0025972360836
0.46300000000000036 0.00248461303636
0.46400000000000036 0.00247836303788
0.46500000000000036 0.00257853418043
0.46600000000000036 0.0022353701188
0.46700000000000036 0.00236391699218
0.46800000000000036 0.00217190527474
0.46900000000000036 0.00245917871325
0.47000000000000036 0.00229646459957
0.47100000000000036 0.00210237084866
0.47200000000000036 0.0021885739734
0.47300000000000036 0.00242478491236
0.47400000000000037 0.00212798730354
0.47500000000000037 0.002046277099
0.47600000000000037 0.00203056542887
0.47700000000000037 0.00197060937353
0.47800000000000037 0.00213277734474
0.47900000000000037 0.00199982202139
0.48000000000000037 0.00180558569264
0.48100000000000037 0.00197444433616
0.4820000000000004 0.00173941186404
0.4830000000000004 0.00190339623987
0.4840000000000004 0.00179621850657
0.4850000000000004 0.00178038061495
0.4860000000000004 0.00168623803802
0.4870000000000004 0.0017644528798
0.4880000000000004 0.00172275781551
0.4890000000000004 0.00172979590025
0.4900000000000004 0.00161176147412
0.4910000000000004 0.00168287085035
0.4920000000000004 0.0016416513663
0.4930000000000004 0.00146121069338
0.4940000000000004 0.00146124975618
0.4950000000000004 0.00142934667929
0.4960000000000004 0.00129137109252
0.4970000000000004 0.00135242163014
0.4980000000000004 0.00139496459997
0.4990000000000004 0.0014084140621
0.5000000000000003 0.00128862280326
0.5010000000000003 0.00132522436616
0.5020000000000003 0.00132592871159
0.5030000000000003 0.00137401733446
0.5040000000000003 0.00123658593839
0.5050000000000003 0.00137116796759
0.5060000000000003 0.00129248046869
0.5070000000000003 0.00125647558707
0.5080000000000003 0.00110663452142
0.5090000000000003 0.00124715795755
0.5100000000000003 0.00114430639587
0.5110000000000003 0.00112583886767
0.5120000000000003 0.00121950781067
0.5130000000000003 0.00120180761769
0.5140000000000003 0.00111737670886
0.5150000000000003 0.00109707031334
0.5160000000000003 0.00102888452238
0.5170000000000003 0.00101218725649
0.5180000000000003 0.000983276366242
0.5190000000000003 0.000947978272961
0.5200000000000004 0.000999393554594
0.5210000000000004 0.0010035251471
0.5220000000000004 0.00107343139462
0.5230000000000004 0.00101947046096
0.5240000000000004 0.000895687502634
0.5250000000000004 0.000914881835342
0.5260000000000004 0.000907966552404
0.5270000000000004 0.000889449220267
0.5280000000000004 0.000936807617109
0.5290000000000004 0.000866186523126
0.5300000000000004 0.000838249754452
0.5310000000000004 0.000821308349259
0.5320000000000004 0.000809745117294
0.5330000000000004 0.000834476562886
0.5340000000000004 0.000761175779189
0.5350000000000004 0.000756620847824
0.5360000000000004 0.000755468750867
0.5370000000000004 0.00076614037971
0.5380000000000004 0.000797842771135
0.5390000000000004 0.000731638428988
0.5400000000000004 0.000744866942114
0.5410000000000004 0.000669822022246
0.5420000000000004 0.000702636718415
0.5430000000000004 0.000672644287988
0.5440000000000004 0.000722496093658
0.5450000000000004 0.000658327880956
0.5460000000000004 0.000648217774142
0.5470000000000004 0.0006766396491
0.5480000000000004 0.000619554686637
0.5490000000000004 0.000619267333605
0.5500000000000004 0.000614245851466
0.5510000000000004 0.000532425779966
0.5520000000000004 0.00062310449357
0.5530000000000004 0.000530433593667
0.5540000000000004 0.000611667725025
0.5550000000000004 0.000510257812493
0.5560000000000004 0.000563470461202
0.5570000000000004 0.000544124999578
0.5580000000000004 0.000512884520504
0.5590000000000004 0.000534060303835
0.5600000000000004 0.00049937280528
0.5610000000000004 0.000485350587041
0.5620000000000004 0.000486527344037
0.5630000000000004 0.000507517335791
0.5640000000000004 0.000490960692332
0.5650000000000004 0.00049389428932
0.5660000000000004 0.000427867187682
0.5670000000000004 0.000469277098091
0.5680000000000004 0.000437281250925
0.5690000000000004 0.000461366940726
0.5700000000000004 0.000456316161944
0.5710000000000004 0.000452616943221
0.5720000000000004 0.000445487305115
0.5730000000000004 0.000407714842368
0.5740000000000004 0.000412992185375
0.5750000000000004 0.000435308595115
0.5760000000000004 0.000413121095335
0.5770000000000004 0.000399522461521
0.5780000000000004 0.000402734374802
0.5790000000000004 0.000452398438938
0.5800000000000004 0.000397650146624
0.5810000000000004 0.000368402343156
0.5820000000000004 0.000345036864019
0.5830000000000004 0.000331669676598
0.5840000000000004 0.000363134518921
0.5850000000000004 0.000352390379703
0.5860000000000004 0.000353707033355
0.5870000000000004 0.000347195067661
0.5880000000000004 0.000321618896123
0.5890000000000004 0.00031859277442
0.5900000000000004 0.00032980859396
0.5910000000000004 0.000301257570754
0.5920000000000004 0.000306483398163
0.5930000000000004 0.000319686525472
0.5940000000000004 0.000334343505529
0.5950000000000004 0.000288812256258
0.5960000000000004 0.000277709959846
0.5970000000000004 0.000288354493023
0.5980000000000004 0.000300927489661
0.5990000000000004 0.000269716550974
0.6000000000000004 0.000281495114905
0.6010000000000004 0.000298695313177
0.6020000000000004 0.000267187502686
0.6030000000000004 0.000271855225947
0.6040000000000004 0.000222002930968
0.6050000000000004 0.000246771242018
0.6060000000000004 0.000240635739829
0.6070000000000004 0.000248519532761
0.6080000000000004 0.000242881837039
0.6090000000000004 0.000233630617004
0.6100000000000004 0.000228988283197
0.6110000000000004 0.000230127929171
0.6120000000000004 0.000221093750952
0.6130000000000004 0.000222976319492
0.6140000000000004 0.000222413087613
0.6150000000000004 0.000203710937058
0.6160000000000004 0.000196034910914
0.6170000000000004 0.000237400146943
0.6180000000000004 0.000224208741201
0.6190000000000004 0.000207249999221
0.6200000000000004 0.000173945067218
0.6210000000000004 0.000212471679333
0.6220000000000004 0.000182575928193
0.6230000000000004 0.000177448975592
0.6240000000000004 0.000177773195901
0.6250000000000004 0.000192828123545
0.6260000000000004 0.00017757715068
0.6270000000000004 0.000170667970451
0.6280000000000004 0.000173519531018
0.6290000000000004 0.000170534911376
0.6300000000000004 0.000173142334461
0.6310000000000004 0.000174189210156
0.6320000000000005 0.000167962645719
0.6330000000000005 0.000146268555909
0.6340000000000005 0.000166249023096
0.6350000000000005 0.000163534177773
0.6360000000000005 0.000152859132868
0.6370000000000005 0.000164568114997
0.6380000000000005 0.00014609277423
0.6390000000000005 0.000148249757331
0.6400000000000005 0.000141488279041
0.6410000000000005 0.000151669679326
0.6420000000000005 0.000128784180561
0.6430000000000005 0.000142595459693
0.6440000000000005 0.000119613279821
0.6450000000000005 0.000141991944474
0.6460000000000005 0.000153167969984
0.6470000000000005 0.000122558592921
0.6480000000000005 0.000128864990984
0.6490000000000005 0.00012878808775
0.6500000000000005 0.000125972655951
0.6510000000000005 0.000127250001242
0.6520000000000005 0.000109784179585
0.6530000000000005 0.000119549804367
0.6540000000000005 0.000104974365968
0.6550000000000005 0.000121557617604
0.6560000000000005 0.000116558592708
0.6570000000000005 0.000118632568046
0.6580000000000005 0.000107459960418
0.6590000000000005 0.000116834962682
0.6600000000000005 9.05771485122e-05
0.6610000000000005 0.000102288817288
0.6620000000000005 0.000103784181192
0.6630000000000005 9.39365254453e-05
0.6640000000000005 9.42177721299e-05
0.6650000000000005 8.8835691713e-05
0.6660000000000005 9.08962392714e-05
0.6670000000000005 0.000100073240901
0.6680000000000005 9.77907711786e-05
0.6690000000000005 9.04235839698e-05
0.6700000000000005 8.33740250528e-05
0.6710000000000005 7.75820317358e-05
0.6720000000000005 8.83981920197e-05
0.6730000000000005 8.63710956764e-05
0.6740000000000005 8.48398431117e-05
0.6750000000000005 7.47751455492e-05
0.6760000000000005 8.12685539131e-05
0.6770000000000005 7.1752929216e-05
0.6780000000000005 8.13232418295e-05
0.6790000000000005 7.67617202655e-05
0.6800000000000005 7.09841297066e-05
0.6810000000000005 8.62731922098e-05
0.6820000000000005 7.55661621952e-05
0.6830000000000005 6.73867198202e-05
0.6840000000000005 6.47109354759e-05
0.6850000000000005 6.55837411614e-05
0.6860000000000005 6.33388663118e-05
0.6870000000000005 6.57106920698e-05
0.6880000000000005 7.35195299058e-05
0.6890000000000005 6.39450699964e-05
0.6900000000000005 6.5409913077e-05
0.6910000000000005 6.75576175126e-05
0.6920000000000005 7.07595208951e-05
0.6930000000000005 5.54001453565e-05
0.6940000000000005 6.08974623901e-05
0.6950000000000005 5.84716799494e-05
0.6960000000000005 6.31015645922e-05
0.6970000000000005 5.08728044224e-05
0.6980000000000005 5.8667967096e-05
0.6990000000000005 5.76914044359e-05
0.7000000000000005 4.62851567136e-05
0.7010000000000005 5.288061584e-05
0.7020000000000005 4.99938978464e-05
0.7030000000000005 4.92653834954e-05
0.7040000000000005 4.91696773679e-05
0.7050000000000005 5.0482180086e-05
0.7060000000000005 4.44802244601e-05
0.7070000000000005 5.22243626619e-05
0.7080000000000005 4.19333500759e-05
0.7090000000000005 4.95544427395e-05
0.7100000000000005 5.06911619595e-05
0.7110000000000005 4.19248044636e-05
0.7120000000000005 3.60927733709e-05
0.7130000000000005 4.41794436483e-05
0.7140000000000005 4.19374991907e-05
0.7150000000000005 3.83544938813e-05
0.7160000000000005 4.74521511933e-05
0.7170000000000005 5.38046861038e-05
0.7180000000000005 3.96523428208e-05
0.7190000000000005 3.99704586016e-05
0.7200000000000005 4.09179701819e-05
0.7210000000000005 3.62021492037e-05
0.7220000000000005 3.76833504561e-05
0.7230000000000005 3.57138687832e-05
0.7240000000000005 3.17946760333e-05
0.7250000000000005 3.80039055017e-05
0.7260000000000005 3.98220236093e-05
0.7270000000000005 3.71328133042e-05
0.7280000000000005 3.42490238836e-05
0.7290000000000005 4.06325671065e-05
0.7300000000000005 3.29482427333e-05
0.7310000000000005 3.37890651281e-05
0.7320000000000005 3.79860848625e-05
0.7330000000000005 3.26364752254e-05
0.7340000000000005 3.12185038638e-05
0.7350000000000005 3.24951161019e-05
0.7360000000000005 3.26755398419e-05
0.7370000000000005 3.15700690408e-05
0.7380000000000005 2.95017089229e-05
0.7390000000000005 2.86560061795e-05
0.7400000000000005 2.80368640233e-05
0.7410000000000005 2.76992195722e-05
0.7420000000000005 2.7343752663e-05
0.7430000000000005 2.5472656489e-05
0.7440000000000005 2.61240202235e-05
0.7450000000000006 2.63671900029e-05
0.7460000000000006 2.32419442909e-05
0.7470000000000006 2.96169455396e-05
0.7480000000000006 2.53845209954e-05
0.7490000000000006 2.46054660238e-05
0.7500000000000006 2.62575686065e-05
0.7510000000000006 2.77224116871e-05
0.7520000000000006 2.44140646828e-05
0.7530000000000006 2.08571800613e-05
0.7540000000000006 2.05703108804e-05
0.7550000000000006 2.4802488042e-05
0.7560000000000006 1.72177715285e-05
0.7570000000000006 2.08571800613e-05
0.7580000000000006 1.90224618564e-05
0.7590000000000006 2.65622547886e-05
0.7600000000000006 1.63125005201e-05
0.7610000000000006 2.1859374101e-05
0.7620000000000006 1.63125005201e-05
0.7630000000000006 2.01669936359e-05
0.7640000000000006 2.12265622395e-05
0.7650000000000006 2.15468735405e-05
0.7660000000000006 1.72177715285e-05
0.7670000000000006 2.27724631259e-05
0.7680000000000006 1.80563947652e-05
0.7690000000000006 2.26462379942e-05
0.7700000000000006 1.88161629922e-05
0.7710000000000006 1.82517069334e-05
0.7720000000000006 1.64492194017e-05
0.7730000000000006 1.602636803e-05
0.7740000000000006 1.59372557391e-05
0.7750000000000006 1.92282695934e-05
0.7760000000000006 1.75681143446e-05
0.7770000000000006 1.54489734996e-05
0.7780000000000006 1.92282695934e-05
0.7790000000000006 1.74255364982e-05
0.7800000000000006 1.602636803e-05
0.7810000000000006 8.69897667144e-06
0.7820000000000006 1.4315430235e-05
0.7830000000000006 1.18161642604e-05
0.7840000000000006 1.22536603158e-05
0.7850000000000006 1.58767088578e-05
0.7860000000000006 1.3177490473e-05
0.7870000000000006 1.67263187905e-05
0.7880000000000006 1.76757821464e-05
0.7890000000000006 1.47460941662e-05
0.7900000000000006 1.03115253296e-05
0.7910000000000006 1.20849617815e-05
0.7920000000000006 9.82324309007e-06
0.7930000000000006 1.47460941662e-05
0.7940000000000006 1.16904302558e-05
0.7950000000000006 1.09353004518e-05
0.7960000000000006 1.34999991133e-05
0.7970000000000006 9.44921885093e-06
0.7980000000000006 9.59936551226e-06
0.7990000000000006 1.41540531331e-05
0.8000000000000006 1.03515631054e-05
0.8010000000000006 7.39038114261e-06
0.8020000000000006 9.41308462643e-06
0.8030000000000006 1.14235826914e-05
0.8040000000000006 1.04919436126e-05
0.8050000000000006 8.92480420589e-06
0.8060000000000006 8.69897667144e-06
0.8070000000000006 9.86328086583e-06
0.8080000000000006 7.10449057806e-06
0.8090000000000006 1.21787106764e-05
0.8100000000000006 6.87475767336e-06
0.8110000000000006 9.59936551226e-06
0.8120000000000006 3.37011624651e-06
0.8130000000000006 9.15014607017e-06
0.8140000000000006 9.37500044529e-06
0.8150000000000006 8.24584822112e-06
0.8160000000000006 8.01855276222e-06
0.8170000000000006 1.12460929813e-05
0.8180000000000006 7.13281224307e-06
0.8190000000000006 6.87475767336e-06
0.8200000000000006 7.13281224307e-06
0.8210000000000006 8.69897667144e-06
0.8220000000000006 6.18261765339e-06
0.8230000000000006 8.01855276222e-06
0.8240000000000006 5.03881892655e-06
0.8250000000000006 5.48608477402e-06
0.8260000000000006 9.67553751252e-06
0.8270000000000006 5.01928661834e-06
0.8280000000000006 6.64453182253e-06
0.8290000000000006 7.13281224307e-06
0.8300000000000006 7.36303991289e-06
0.8310000000000006 5.95092569711e-06
0.8320000000000006 8.92480420589e-06
0.8330000000000006 7.82202187111e-06
0.8340000000000006 9.18725709198e-06
0.8350000000000006 8.47265619086e-06
0.8360000000000006 7.59277281759e-06
0.8370000000000006 5.71875170863e-06
0.8380000000000006 5.74121077079e-06
0.8390000000000006 4.80371090816e-06
0.8400000000000006 5.25293035025e-06
0.8410000000000006 5.71875170863e-06
0.8420000000000006 6.64453182253e-06
0.8430000000000006 4.07983316109e-06
0.8440000000000006 5.95092569711e-06
0.8450000000000006 3.84374834539e-06
0.8460000000000006 4.55053668702e-06
0.8470000000000006 5.25293035025e-06
0.8480000000000006 3.37011624651e-06
0.8490000000000006 6.41381848254e-06
0.8500000000000006 2.65600829152e-06
0.8510000000000006 4.78515903524e-06
0.8520000000000006 2.90527350444e-06
0.8530000000000006 5.25293035025e-06
0.8540000000000006 5.71875170863e-06
0.8550000000000006 4.31542866863e-06
0.8560000000000006 3.37011624651e-06
0.8570000000000007 5.48608477402e-06
0.8580000000000007 6.87475767336e-06
0.8590000000000007 4.31542866863e-06
0.8600000000000007 5.48608477402e-06
0.8610000000000007 5.03881892655e-06
0.8620000000000007 1.93749838218e-06
0.8630000000000007 3.60717967851e-06
0.8640000000000007 4.07983316109e-06
0.8650000000000007 4.56811358163e-06
0.8660000000000007 4.31542866863e-06
0.8670000000000007 5.71875170863e-06
0.8680000000000007 3.60717967851e-06
0.8690000000000007 4.31542866863e-06
0.8700000000000007 2.89453055302e-06
0.8710000000000007 1.93749838218e-06
0.8720000000000007 4.31542866863e-06
0.8730000000000007 4.07983316109e-06
0.8740000000000007 2.17749038711e-06
0.8750000000000007 3.13256714435e-06
0.8760000000000007 2.4169930839e-06
0.8770000000000007 2.65600829152e-06
0.8780000000000007 4.07983316109e-06
0.8790000000000007 3.13256714435e-06
0.8800000000000007 3.84374834539e-06
0.8810000000000007 3.37011624651e-06
0.8820000000000007 2.4169930839e-06
0.8830000000000007 3.13256714435e-06
0.8840000000000007 3.37011624651e-06
0.8850000000000007 2.89453055302e-06
0.8860000000000007 2.89453055302e-06
0.8870000000000007 6.20703394816e-06
0.8880000000000007 2.4169930839e-06
0.8890000000000007 1.93749838218e-06
0.8900000000000007 3.13256714435e-06
0.8910000000000007 3.13256714435e-06
0.8920000000000007 3.13256714435e-06
0.8930000000000007 2.65600829152e-06
0.8940000000000007 3.62084938388e-06
0.8950000000000007 2.89453055302e-06
0.8960000000000007 1.69701888808e-06
0.8970000000000007 1.69701888808e-06
0.8980000000000007 1.93749838218e-06
0.8990000000000007 2.4169930839e-06
0.9000000000000007 7.30224201106e-07
0.9010000000000007 1.4560555428e-06
0.9020000000000007 1.4560555428e-06
0.9030000000000007 1.69701888808e-06
0.9040000000000007 1.69701888808e-06
0.9050000000000007 1.21460107039e-06
0.9060000000000007 2.65600829152e-06
0.9070000000000007 2.4169930839e-06
0.9080000000000007 2.18530112761e-06
0.9090000000000007 1.93749838218e-06
0.9100000000000007 2.17749038711e-06
0.9110000000000007 1.69701888808e-06
0.9120000000000007 1.4560555428e-06
0.9130000000000007 1.93749838218e-06
0.9140000000000007 2.4169930839e-06
0.9150000000000007 1.21460107039e-06
0.9160000000000007 1.69701888808e-06
0.9170000000000007 1.21460107039e-06
0.9180000000000007 4.87305442221e-07
0.9190000000000007 1.93749838218e-06
0.9200000000000007 1.4560555428e-06
0.9210000000000007 1.21460107039e-06
0.9220000000000007 1.21460107039e-06
0.9230000000000007 1.93749838218e-06
0.9240000000000007 4.87305442221e-07
0.9250000000000007 1.69701888808e-06
0.9260000000000007 1.21460107039e-06
0.9270000000000007 7.30224201106e-07
0.9280000000000007 2.4169930839e-06
0.9290000000000007 1.21460107039e-06
0.9300000000000007 9.72657289822e-07
0.9310000000000007 1.21460107039e-06
0.9320000000000007 1.21460107039e-06
0.9330000000000007 3.60717967851e-06
0.9340000000000007 1.4560555428e-06
0.9350000000000007 4.87305442221e-07
0.9360000000000007 4.87305442221e-07
0.9370000000000007 1.21460107039e-06
0.9380000000000007 1.69701888808e-06
0.9390000000000007 9.72657289822e-07
0.9400000000000007 1.93749838218e-06
0.9410000000000007 4.87305442221e-07
0.9420000000000007 1.93749838218e-06
0.9430000000000007 1.21460107039e-06
0.9440000000000007 4.87305442221e-07
0.9450000000000007 7.30224201106e-07
0.9460000000000007 2.4169930839e-06
0.9470000000000007 9.72657289822e-07
0.9480000000000007 7.30224201106e-07
0.9490000000000007 2.43897375185e-07
0.9500000000000007 9.72657289822e-07
0.9510000000000007 1.21460107039e-06
0.9520000000000007 4.87305442221e-07
0.9530000000000007 1.21460107039e-06
0.9540000000000007 9.72657289822e-07
0.9550000000000007 9.72657289822e-07
0.9560000000000007 4.87305442221e-07
0.9570000000000007 1.69701888808e-06
0.9580000000000007 7.30224201106e-07
0.9590000000000007 1.93749838218e-06
0.9600000000000007 4.87305442221e-07
0.9610000000000007 7.30224201106e-07
0.9620000000000007 2.17749038711e-06
0.9630000000000007 7.30224201106e-07
0.9640000000000007 1.69701888808e-06
0.9650000000000007 1.21460107039e-06
0.9660000000000007 2.43897375185e-07
0.9670000000000007 1.21460107039e-06
0.9680000000000007 7.30224201106e-07
0.9690000000000007 2.43897375185e-07
0.9700000000000008 1.4560555428e-06
0.9710000000000008 2.43897375185e-07
0.9720000000000008 2.43897375185e-07
0.9730000000000008 7.30224201106e-07
0.9740000000000008 1.21460107039e-06
0.9750000000000008 4.87305442221e-07
0.9760000000000008 9.72657289822e-07
0.9770000000000008 2.43897375185e-07
0.9780000000000008 7.30224201106e-07
0.9790000000000008 0.0
0.9800000000000008 7.30224201106e-07
0.9810000000000008 4.87305442221e-07
0.9820000000000008 1.4560555428e-06
0.9830000000000008 4.87305442221e-07
0.9840000000000008 1.21460107039e-06
0.9850000000000008 2.43897375185e-07
0.9860000000000008 7.30224201106e-07
0.9870000000000008 7.30224201106e-07
0.9880000000000008 9.72657289822e-07
0.9890000000000008 2.43897375185e-07
0.9900000000000008 9.72657289822e-07
0.9910000000000008 7.30224201106e-07
0.9920000000000008 9.72657289822e-07
0.9930000000000008 4.87305442221e-07
0.9940000000000008 1.21460107039e-06
0.9950000000000008 7.30224201106e-07
0.9960000000000008 0.0
0.9970000000000008 2.43897375185e-07
0.9980000000000008 7.30224201106e-07
0.9990000000000008 4.87305442221e-07
1.0000000000000007 2.44141119765e-07
