0.0 0.0
0.001 2.60220866797e-06
0.002 2.14561484375e-05
0.003 3.79881852188e-05
0.004 5.63433594375e-05
0.005 9.69943597412e-05
0.006 0.000122986101938
0.007 0.00023697710171
0.008 0.00024124528475
0.009000000000000001 0.000360988676578
0.010000000000000002 0.000447287003809
0.011000000000000003 0.000482221195897
0.012000000000000004 0.000557045887359
0.013000000000000005 0.000787723312022
0.014000000000000005 0.000987254208063
0.015000000000000006 0.000903479985132
0.016000000000000007 0.00110497218975
0.017000000000000008 0.00118977117148
0.01800000000000001 0.00151365556069
0.01900000000000001 0.00143023453943
0.02000000000000001 0.00176940923594
0.02100000000000001 0.00212626552064
0.022000000000000013 0.00220444097246
0.023000000000000013 0.00222256277461
0.024000000000000014 0.00281215065994
0.025000000000000015 0.00283874367615
0.026000000000000016 0.00361843248218
0.027000000000000017 0.00343785313433
0.028000000000000018 0.00365655607461
0.02900000000000002 0.00370579626007
0.03000000000000002 0.00378182584336
0.03100000000000002 0.00512063095168
0.03200000000000002 0.0047449916
0.03300000000000002 0.00548389904171
0.03400000000000002 0.00563642731859
0.035000000000000024 0.00612057743896
0.036000000000000025 0.00665920712869
0.037000000000000026 0.00668193776293
0.03800000000000003 0.0072801842264
0.03900000000000003 0.00782802100827
0.04000000000000003 0.00819213049375
0.04100000000000003 0.009021921215
0.04200000000000003 0.00928251321342
0.04300000000000003 0.00960173672652
0.04400000000000003 0.010251419475
0.04500000000000003 0.0111566243828
0.046000000000000034 0.0119278940168
0.047000000000000035 0.0125793006408
0.048000000000000036 0.0125439247598
0.04900000000000004 0.0143083017508
0.05000000000000004 0.013559433584
0.05100000000000004 0.0143616891566
0.05200000000000004 0.0142036789349
0.05300000000000004 0.0158197821605
0.05400000000000004 0.0175881512953
0.05500000000000004 0.0174572227685
0.05600000000000004 0.0186182690474
0.057000000000000044 0.0192494471323
0.058000000000000045 0.0198764813986
0.059000000000000045 0.0236432823007
0.060000000000000046 0.0227589613559
0.06100000000000005 0.0226287022998
0.06200000000000005 0.0232098752916
0.06300000000000004 0.0258786556759
0.06400000000000004 0.027613835324
0.06500000000000004 0.0272786752631
0.06600000000000004 0.0259199110742
0.06700000000000005 0.0287718990711
0.06800000000000005 0.0308994638355
0.06900000000000005 0.0312562249022
0.07000000000000005 0.0309416544179
0.07100000000000005 0.0332176929279
0.07200000000000005 0.0355219695894
0.07300000000000005 0.0363291297463
0.07400000000000005 0.0354546419552
0.07500000000000005 0.0409474645697
0.07600000000000005 0.0393432907342
0.07700000000000005 0.0423788281512
0.07800000000000006 0.0423682438702
0.07900000000000006 0.050250782076
0.08000000000000006 0.0479044862438
0.08100000000000006 0.0454642326538
0.08200000000000006 0.0502209500455
0.08300000000000006 0.0520860535669
0.08400000000000006 0.0555755341375
0.08500000000000006 0.0580969088279
0.08600000000000006 0.0524249083638
0.08700000000000006 0.0576224594699
0.08800000000000006 0.0585219663848
0.08900000000000007 0.064385183809
0.09000000000000007 0.0645160313944
0.09100000000000007 0.0717929549798
0.09200000000000007 0.0685512927528
0.09300000000000007 0.075717053507
0.09400000000000007 0.0753634789604
0.09500000000000007 0.0765494460918
0.09600000000000007 0.084451994604
0.09700000000000007 0.0821905398391
0.09800000000000007 0.0828319675453
0.09900000000000007 0.0846944531312
0.10000000000000007 0.0843294176172
0.10100000000000008 0.0973890225512
0.10200000000000008 0.0932616185219
0.10300000000000008 0.0971619436681
0.10400000000000008 0.098947050176
0.10500000000000008 0.108636883111
0.10600000000000008 0.110570479488
0.10700000000000008 0.107661313896
0.10800000000000008 0.114554380162
0.10900000000000008 0.111537340264
0.11000000000000008 0.132862475948
0.11100000000000008 0.122717223422
0.11200000000000009 0.13353815639
0.11300000000000009 0.132035176527
0.11400000000000009 0.130730898238
0.11500000000000009 0.14160895285
0.11600000000000009 0.146916571213
0.11700000000000009 0.152685904349
0.11800000000000009 0.163645977396
0.11900000000000009 0.157021273362
0.12000000000000009 0.164496865725
0.1210000000000001 0.158215923337
0.1220000000000001 0.176368091956
0.1230000000000001 0.175548264753
0.1240000000000001 0.173004259229
0.12500000000000008 0.180831126648
0.12600000000000008 0.201008059942
0.12700000000000009 0.207972500999
0.12800000000000009 0.199666229104
0.1290000000000001 0.223003577336
0.1300000000000001 0.212381426465
0.1310000000000001 0.203849823542
0.1320000000000001 0.227756396199
0.1330000000000001 0.229875312734
0.1340000000000001 0.240355069608
0.1350000000000001 0.250366862917
0.1360000000000001 0.267834016982
0.1370000000000001 0.257241343219
0.1380000000000001 0.276710935002
0.1390000000000001 0.282252346331
0.1400000000000001 0.28178420734
0.1410000000000001 0.308466582803
0.1420000000000001 0.312893817672
0.1430000000000001 0.305901154003
0.1440000000000001 0.308505602158
0.1450000000000001 0.352367425553
0.1460000000000001 0.345928243063
0.1470000000000001 0.337053789366
0.1480000000000001 0.371076735585
0.1490000000000001 0.387529934912
0.1500000000000001 0.382353529724
0.1510000000000001 0.411824999276
0.1520000000000001 0.414318845423
0.1530000000000001 0.40583058477
0.1540000000000001 0.490141910398
0.1550000000000001 0.447118278659
0.1560000000000001 0.457655584572
0.1570000000000001 0.484261354814
0.1580000000000001 0.459568823175
0.1590000000000001 0.526280611629
0.16000000000000011 0.4980376775
0.16100000000000012 0.528280538251
0.16200000000000012 0.585113468376
0.16300000000000012 0.573160372902
0.16400000000000012 0.540352338053
0.16500000000000012 0.580198879063
0.16600000000000012 0.638754266645
0.16700000000000012 0.636680974683
0.16800000000000012 0.692984012569
0.16900000000000012 0.704696350843
0.17000000000000012 0.705599852101
0.17100000000000012 0.742756732237
0.17200000000000013 0.781781978882
0.17300000000000013 0.876591661676
0.17400000000000013 0.936614663971
0.17500000000000013 0.852765086425
0.17600000000000013 0.89003786682
0.17700000000000013 0.936820579058
0.17800000000000013 1.05501295623
0.17900000000000013 0.920400190747
0.18000000000000013 1.04948047783
0.18100000000000013 1.10724808055
0.18200000000000013 1.24301661907
0.18300000000000013 1.30912701773
0.18400000000000014 1.27834577238
0.18500000000000014 1.47028355201
0.18600000000000014 1.52375386093
0.18700000000000014 1.53927503249
0.18800000000000014 1.83322498587
0.18900000000000014 1.46271050537
0.19000000000000014 1.71571920459
0.19100000000000014 1.83462029761
0.19200000000000014 1.22060486732
0.19300000000000014 1.63311286854
0.19400000000000014 1.25389696832
0.19500000000000015 2.55782224511
0.19600000000000015 1.55699938271
0.19700000000000015 1.33322968554
0.19800000000000015 1.22851780754
0.19900000000000015 1.17854641115
0.20000000000000015 1.29383695277
0.20100000000000015 1.02168366488
0.20200000000000015 1.18148992182
0.20300000000000015 1.07300167648
0.20400000000000015 1.09765557562
0.20500000000000015 0.967909198373
0.20600000000000016 0.919004188042
0.20700000000000016 1.0432830991
0.20800000000000016 0.969091185488
0.20900000000000016 0.893864603574
0.21000000000000016 0.978797945303
0.21100000000000016 1.02547917064
0.21200000000000016 0.919454264003
0.21300000000000016 0.805641317605
0.21400000000000016 0.823461521746
0.21500000000000016 0.788150671794
0.21600000000000016 0.843161110177
0.21700000000000016 0.763222449772
0.21800000000000017 0.774540175114
0.21900000000000017 0.711793318855
0.22000000000000017 0.73081479225
0.22100000000000017 0.771058863568
0.22200000000000017 0.732009332337
0.22300000000000017 0.795749274357
0.22400000000000017 0.738822170471
0.22500000000000017 0.645237772202
0.22600000000000017 0.716195950651
0.22700000000000017 0.683947701772
0.22800000000000017 0.713178492716
0.22900000000000018 0.692884844901
0.23000000000000018 0.665953557832
0.23100000000000018 0.605238173214
0.23200000000000018 0.666764518874
0.23300000000000018 0.544454730653
0.23400000000000018 0.589677870254
0.23500000000000018 0.601398254781
0.23600000000000018 0.564183082832
0.23700000000000018 0.534342386761
0.23800000000000018 0.579751002791
0.23900000000000018 0.556115454221
0.24000000000000019 0.535832669475
0.2410000000000002 0.543903451717
0.2420000000000002 0.482501304155
0.2430000000000002 0.494855508231
0.2440000000000002 0.515746524717
0.2450000000000002 0.491390697509
0.2460000000000002 0.495218804906
0.2470000000000002 0.472055225249
0.2480000000000002 0.461787786634
0.2490000000000002 0.475998263236
0.25000000000000017 0.496225477539
0.25100000000000017 0.446149599116
0.25200000000000017 0.443437546955
0.25300000000000017 0.462621010932
0.25400000000000017 0.442444067164
0.25500000000000017 0.439280945283
0.25600000000000017 0.413714283456
0.2570000000000002 0.454726905032
0.2580000000000002 0.426987936806
0.2590000000000002 0.398454258891
0.2600000000000002 0.4193601896
0.2610000000000002 0.391942755416
0.2620000000000002 0.413489676278
0.2630000000000002 0.377186039613
0.2640000000000002 0.402459941249
0.2650000000000002 0.329078574473
0.2660000000000002 0.38508107217
0.2670000000000002 0.356274240498
0.2680000000000002 0.349164589759
0.2690000000000002 0.375934344254
0.2700000000000002 0.330804651797
0.2710000000000002 0.358510962619
0.2720000000000002 0.33732844629
0.2730000000000002 0.33492607427
0.2740000000000002 0.334107323192
0.2750000000000002 0.36544690123
0.2760000000000002 0.341566174543
0.2770000000000002 0.320797768044
0.2780000000000002 0.33097132958
0.2790000000000002 0.309507132667
0.2800000000000002 0.303156806094
0.2810000000000002 0.321251096293
0.2820000000000002 0.318022797459
0.2830000000000002 0.279397222747
0.2840000000000002 0.290684915168
0.2850000000000002 0.296516550388
0.2860000000000002 0.278630165908
0.2870000000000002 0.276109235503
0.2880000000000002 0.276276730311
0.2890000000000002 0.258537238925
0.2900000000000002 0.247578790176
0.2910000000000002 0.283274867224
0.2920000000000002 0.254495221156
0.2930000000000002 0.257914590579
0.2940000000000002 0.265475329813
0.2950000000000002 0.265225738876
0.2960000000000002 0.264965370609
0.2970000000000002 0.259148188779
0.2980000000000002 0.263092713227
0.2990000000000002 0.242749467988
0.3000000000000002 0.246674827881
0.3010000000000002 0.25579113756
0.3020000000000002 0.230204952516
0.3030000000000002 0.240948952655
0.3040000000000002 0.23931250263
0.3050000000000002 0.232349556691
0.3060000000000002 0.211738186925
0.3070000000000002 0.228204113717
0.3080000000000002 0.211730914668
0.3090000000000002 0.222710588715
0.3100000000000002 0.213757836619
0.3110000000000002 0.215762950386
0.3120000000000002 0.215069122322
0.3130000000000002 0.209800717209
0.3140000000000002 0.199541661977
0.3150000000000002 0.197132355566
0.3160000000000002 0.200258504769
0.3170000000000002 0.208778048818
0.3180000000000002 0.208306542273
0.31900000000000023 0.194090972974
0.32000000000000023 0.1823427276
0.32100000000000023 0.187813452065
0.32200000000000023 0.179711025167
0.32300000000000023 0.187142892065
0.32400000000000023 0.191826536191
0.32500000000000023 0.18366543876
0.32600000000000023 0.18054720169
0.32700000000000023 0.175308983501
0.32800000000000024 0.178234431186
0.32900000000000024 0.174018851057
0.33000000000000024 0.159447482465
0.33100000000000024 0.162153059147
0.33200000000000024 0.154605374553
0.33300000000000024 0.172092556492
0.33400000000000024 0.157548565217
0.33500000000000024 0.163386329284
0.33600000000000024 0.16206661348
0.33700000000000024 0.155240082512
0.33800000000000024 0.148236110559
0.33900000000000025 0.140352728202
0.34000000000000025 0.15180585633
0.34100000000000025 0.150950520703
0.34200000000000025 0.144699746308
0.34300000000000025 0.158714223061
0.34400000000000025 0.127905540987
0.34500000000000025 0.139435788136
0.34600000000000025 0.138329405801
0.34700000000000025 0.138512686463
0.34800000000000025 0.132295996463
0.34900000000000025 0.132216650748
0.35000000000000026 0.136372691345
0.35100000000000026 0.132609032493
0.35200000000000026 0.132077788975
0.35300000000000026 0.122963488384
0.35400000000000026 0.129347944397
0.35500000000000026 0.128215824507
0.35600000000000026 0.113221063064
0.35700000000000026 0.116055257419
0.35800000000000026 0.124561489064
0.35900000000000026 0.12082334163
0.36000000000000026 0.124557215273
0.36100000000000027 0.117526788768
0.36200000000000027 0.115040341593
0.36300000000000027 0.110767020583
0.36400000000000027 0.113785959839
0.36500000000000027 0.10413270762
0.36600000000000027 0.118146938687
0.36700000000000027 0.101146674377
0.36800000000000027 0.10303933825
0.36900000000000027 0.108885855964
0.3700000000000003 0.111176709789
0.3710000000000003 0.103158044905
0.3720000000000003 0.105812583732
0.3730000000000003 0.101288629363
0.3740000000000003 0.0978791050884
0.3750000000000003 0.0987756981812
0.3760000000000003 0.0996143419598
0.3770000000000003 0.0985825308213
0.3780000000000003 0.0989889658026
0.3790000000000003 0.0939891360884
0.3800000000000003 0.0911217291215
0.3810000000000003 0.0919158425666
0.3820000000000003 0.0935726784077
0.3830000000000003 0.0909846646263
0.3840000000000003 0.090674136
0.3850000000000003 0.0937290944434
0.3860000000000003 0.0823240375986
0.3870000000000003 0.0826284756589
0.3880000000000003 0.0846769951474
0.3890000000000003 0.0835051195479
0.3900000000000003 0.0863006582953
0.3910000000000003 0.0878395520592
0.3920000000000003 0.0797290464499
0.3930000000000003 0.0821837112366
0.3940000000000003 0.0773393386458
0.3950000000000003 0.0807413431195
0.3960000000000003 0.0754142716862
0.3970000000000003 0.075777814781
0.3980000000000003 0.0738404645424
0.3990000000000003 0.0752862261262
0.4000000000000003 0.0687826523438
0.4010000000000003 0.0668573441863
0.4020000000000003 0.0732031501393
0.4030000000000003 0.0692509500214
0.4040000000000003 0.0729878209173
0.4050000000000003 0.0708230630531
0.4060000000000003 0.0699587028845
0.4070000000000003 0.0705103369451
0.4080000000000003 0.0653164939074
0.4090000000000003 0.0668125330796
0.4100000000000003 0.0598928807147
0.4110000000000003 0.0645230816544
0.4120000000000003 0.0612807925594
0.4130000000000003 0.063057692088
0.4140000000000003 0.0664930833887
0.4150000000000003 0.0694218819293
0.4160000000000003 0.059464842775
0.4170000000000003 0.06055047132
0.4180000000000003 0.0598097014584
0.4190000000000003 0.0586798899365
0.4200000000000003 0.0601666220777
0.4210000000000003 0.0577426191173
0.4220000000000003 0.0551495365902
0.4230000000000003 0.0575576088318
0.4240000000000003 0.0538769625224
0.4250000000000003 0.0532213522211
0.4260000000000003 0.055475021133
0.4270000000000003 0.0544336247937
0.4280000000000003 0.0506316695862
0.4290000000000003 0.0509454416945
0.4300000000000003 0.050278403621
0.4310000000000003 0.0549792652078
0.43200000000000033 0.049141434375
0.43300000000000033 0.04462435924
0.43400000000000033 0.0465178676358
0.43500000000000033 0.0509857973886
0.43600000000000033 0.0479877117172
0.43700000000000033 0.0456275501162
0.43800000000000033 0.049216349012
0.43900000000000033 0.0430681958024
0.44000000000000034 0.0416137444938
0.44100000000000034 0.0464670650039
0.44200000000000034 0.0436146922902
0.44300000000000034 0.0466336563594
0.44400000000000034 0.0418842569003
0.44500000000000034 0.0400038407215
0.44600000000000034 0.0426349792422
0.44700000000000034 0.043123171754
0.44800000000000034 0.040998687296
0.44900000000000034 0.040829636277
0.45000000000000034 0.0388446218262
0.45100000000000035 0.0398021393354
0.45200000000000035 0.0374877090375
0.45300000000000035 0.0378846657474
0.45400000000000035 0.0374645682602
0.45500000000000035 0.0381393294242
0.45600000000000035 0.038817346275
0.45700000000000035 0.0398871045834
0.45800000000000035 0.0415352858573
0.45900000000000035 0.0351777653861
0.46000000000000035 0.0340045975465
0.46100000000000035 0.0332315468202
0.46200000000000035 0.0347647748766
0.46300000000000036 0.0334733004512
0.46400000000000036 0.0337197249078
0.46500000000000036 0.035191419247
0.46600000000000036 0.0305562913567
0.46700000000000036 0.0324747938585
0.46800000000000036 0.0299613230573
0.46900000000000036 0.0341585891651
0.47000000000000036 0.0320752840234
0.47100000000000036 0.029425042234
0.47200000000000036 0.0308558953319
0.47300000000000036 0.0342924775972
0.47400000000000037 0.0302473310076
0.47500000000000037 0.0291087183099
0.47600000000000037 0.0289842073028
0.47700000000000037 0.0283646448151
0.47800000000000037 0.0307204839811
0.47900000000000037 0.0289447437418
0.48000000000000037 0.0262541016
0.48100000000000037 0.0288347166408
0.4820000000000004 0.0253751569226
0.4830000000000004 0.028073591599
0.4840000000000004 0.0265475130121
0.4850000000000004 0.0265842784174
0.4860000000000004 0.0251297929373
0.4870000000000004 0.0264174746147
0.4880000000000004 0.025949416775
0.4890000000000004 0.0261528870119
0.4900000000000004 0.0244837189413
0.4910000000000004 0.0254616483328
0.4920000000000004 0.0251901102735
0.4930000000000004 0.0224445115733
0.4940000000000004 0.0226028276132
0.4950000000000004 0.0221416305258
0.4960000000000004 0.0200988150398
0.4970000000000004 0.0211694432031
0.4980000000000004 0.0220186243834
0.4990000000000004 0.022247274228
0.5000000000000003 0.020432314209
0.5010000000000003 0.0210942218421
0.5020000000000003 0.021220994746
0.5030000000000003 0.0220522345434
0.5040000000000003 0.019959997806
0.5050000000000003 0.0221593653207
0.5060000000000003 0.0209480454047
0.5070000000000003 0.0204527661384
0.5080000000000003 0.0181504453019
0.5090000000000003 0.0205016098364
0.5100000000000003 0.0189447939703
0.5110000000000003 0.018658412275
0.5120000000000003 0.0202201024
0.5130000000000003 0.0199879939512
0.5140000000000003 0.0185694903292
0.5150000000000003 0.0184215419355
0.5160000000000003 0.0173883254687
0.5170000000000003 0.017220285939
0.5180000000000003 0.0167290452337
0.5190000000000003 0.0162004858629
0.5200000000000004 0.0171812571938
0.5210000000000004 0.0173052859602
0.5220000000000004 0.0185583740664
0.5230000000000004 0.0177938069768
0.5240000000000004 0.0156127678294
0.5250000000000004 0.016016343728
0.5260000000000004 0.0160011065913
0.5270000000000004 0.0156909374926
0.5280000000000004 0.0165713061938
0.5290000000000004 0.0154646233526
0.5300000000000004 0.0149902669043
0.5310000000000004 0.0147232500555
0.5320000000000004 0.0145823248761
0.5330000000000004 0.0151113794412
0.5340000000000004 0.0137916298116
0.5350000000000004 0.0138141014929
0.5360000000000004 0.01382230435
0.5370000000000004 0.0140056021844
0.5380000000000004 0.014656041883
0.5390000000000004 0.0135384417344
0.5400000000000004 0.0138275851465
0.5410000000000004 0.0124519576582
0.5420000000000004 0.0131291597397
0.5430000000000004 0.012667606801
0.5440000000000004 0.013627563511
0.5450000000000004 0.0124496030213
0.5460000000000004 0.0123246406365
0.5470000000000004 0.0128971982388
0.5480000000000004 0.0118054147728
0.5490000000000004 0.0118574638349
0.5500000000000004 0.0118422011694
0.5510000000000004 0.0102995441449
0.5520000000000004 0.012091778316
0.5530000000000004 0.0103335295029
0.5540000000000004 0.0119626877109
0.5550000000000004 0.0100199040504
0.5560000000000004 0.0111001366915
0.5570000000000004 0.0107515333628
0.5580000000000004 0.0101613516733
0.5590000000000004 0.0106523747572
0.5600000000000004 0.00995826234375
0.5610000000000004 0.00972776517433
0.5620000000000004 0.00980002120342
0.5630000000000004 0.0102574090458
0.5640000000000004 0.00994672244236
0.5650000000000004 0.0100142578383
0.5660000000000004 0.00875755664246
0.5670000000000004 0.00962382847092
0.5680000000000004 0.00900788104844
0.5690000000000004 0.00953637393154
0.5700000000000004 0.00948301081787
0.5710000000000004 0.00943371486992
0.5720000000000004 0.00927964085486
0.5730000000000004 0.00849171368523
0.5740000000000004 0.00865775378762
0.5750000000000004 0.00917910280701
0.5760000000000004 0.008738487036
0.5770000000000004 0.00850446029824
0.5780000000000004 0.00853215953086
0.5790000000000004 0.00966921342367
0.5800000000000004 0.00853290130898
0.5810000000000004 0.00793773076218
0.5820000000000004 0.00746655895825
0.5830000000000004 0.00719007264788
0.5840000000000004 0.00788907791194
0.5850000000000004 0.00769831628357
0.5860000000000004 0.00776043303181
0.5870000000000004 0.00763988077803
0.5880000000000004 0.0070946992935
0.5890000000000004 0.00705310686523
0.5900000000000004 0.00733786607412
0.5910000000000004 0.00673085634873
0.5920000000000004 0.00686710900775
0.5930000000000004 0.00718024812867
0.5940000000000004 0.0075254667608
0.5950000000000004 0.00652716687673
0.5960000000000004 0.00630105868119
0.5970000000000004 0.00655760225629
0.5980000000000004 0.00686473820155
0.5990000000000004 0.0061812691053
0.6000000000000004 0.006465830625
0.6010000000000004 0.00687719331831
0.6020000000000004 0.0061657431124
0.6030000000000004 0.00630621540737
0.6040000000000004 0.00514756765436
0.6050000000000004 0.00574883869248
0.6060000000000004 0.00564243625392
0.6070000000000004 0.00583570827158
0.6080000000000004 0.005720809959
0.6090000000000004 0.00554009252547
0.6100000000000004 0.00544517622305
0.6110000000000004 0.00549834168569
0.6120000000000004 0.00529115053486
0.6130000000000004 0.00533882026697
0.6140000000000004 0.00535755347955
0.6150000000000004 0.00492804976443
0.6160000000000004 0.00475761895744
0.6170000000000004 0.00575759062449
0.6180000000000004 0.00545347153656
0.6190000000000004 0.00507617941617
0.6200000000000004 0.00427606522461
0.6210000000000004 0.00523179109445
0.6220000000000004 0.0044982726874
0.6230000000000004 0.0044014734487
0.6240000000000004 0.00442678494375
0.6250000000000004 0.00481734886169
0.6260000000000004 0.00444055973242
0.6270000000000004 0.00426339032973
0.6280000000000004 0.00437305573298
0.6290000000000004 0.00431074824326
0.6300000000000004 0.00438823764053
0.6310000000000004 0.00441854464918
0.6320000000000005 0.00428984457494
0.6330000000000005 0.00374387171441
0.6340000000000005 0.00427678671775
0.6350000000000005 0.00421319367478
0.6360000000000005 0.00394572219961
0.6370000000000005 0.00426672404015
0.6380000000000005 0.00380583595975
0.6390000000000005 0.00387414326798
0.6400000000000005 0.0037090304
0.6410000000000005 0.00397676793364
0.6420000000000005 0.00339713296875
0.6430000000000005 0.00376575768965
0.6440000000000005 0.00315632726719
0.6450000000000005 0.00378062068711
0.6460000000000005 0.00408658282387
0.6470000000000005 0.00328346434375
0.6480000000000005 0.00345535023994
0.6490000000000005 0.00345265534561
0.6500000000000005 0.00338942001709
0.6510000000000005 0.0034469750868
0.6520000000000005 0.002986860411
0.6530000000000005 0.0032534923417
0.6540000000000005 0.00287354979844
0.6550000000000005 0.00333768042969
0.6560000000000005 0.003210198976
0.6570000000000005 0.00326795219223
0.6580000000000005 0.00297768284975
0.6590000000000005 0.00324730903494
0.6600000000000005 0.002525145975
0.6610000000000005 0.00286029649961
0.6620000000000005 0.00290595102687
0.6630000000000005 0.00264266135494
0.6640000000000005 0.002658575324
0.6650000000000005 0.00251426332773
0.6660000000000005 0.00258032465494
0.6670000000000005 0.00283061973082
0.6680000000000005 0.00278757483673
0.6690000000000005 0.00259008445898
0.6700000000000005 0.00239530234375
0.6710000000000005 0.00223555912525
0.6720000000000005 0.002554829424
0.6730000000000005 0.00250367827975
0.6740000000000005 0.002466605111
0.6750000000000005 0.00218044327148
0.6760000000000005 0.002376817859
0.6770000000000005 0.00210473270469
0.6780000000000005 0.00238696259031
0.6790000000000005 0.0022594066098
0.6800000000000005 0.002100675975
0.6810000000000005 0.00255140967367
0.6820000000000005 0.00224375772178
0.6830000000000005 0.00200236348805
0.6840000000000005 0.001937625624
0.6850000000000005 0.00196368417185
0.6860000000000005 0.00190764912275
0.6870000000000005 0.00198485825498
0.6880000000000005 0.002227201856
0.6890000000000005 0.00194278827498
0.6900000000000005 0.00199306618594
0.6910000000000005 0.00206447863119
0.6920000000000005 0.00216255683861
0.6930000000000005 0.00170277535673
0.6940000000000005 0.00187714620775
0.6950000000000005 0.00180757011719
0.6960000000000005 0.001956314016
0.6970000000000005 0.00158172578711
0.6980000000000005 0.001829329219
0.6990000000000005 0.00179396298667
0.7000000000000005 0.0014515025
0.7010000000000005 0.00166307758123
0.7020000000000005 0.00157678029844
0.7030000000000005 0.00155823325498
0.7040000000000005 0.001559633856
0.7050000000000005 0.00159292435342
0.7060000000000005 0.00141891489494
0.7070000000000005 0.00167067499123
0.7080000000000005 0.00134525942775
0.7090000000000005 0.00159424493711
0.7100000000000005 0.00163541854844
0.7110000000000005 0.00135640762819
0.7120000000000005 0.001171008956
0.7130000000000005 0.00143740540423
0.7140000000000005 0.001368292464
0.7150000000000005 0.00125489761719
0.7160000000000005 0.001556904231
0.7170000000000005 0.0017702654715
0.7180000000000005 0.001308271031
0.7190000000000005 0.00132244278061
0.7200000000000005 0.00135756
0.7210000000000005 0.00119744917458
0.7220000000000005 0.00125719854194
0.7230000000000005 0.00119479514119
0.7240000000000005 0.00106662444775
0.7250000000000005 0.00127845140625
0.7260000000000005 0.00134331083494
0.7270000000000005 0.00124891763999
0.7280000000000005 0.001161691804
0.7290000000000005 0.00138200401673
0.7300000000000005 0.00112371956875
0.7310000000000005 0.0011555556625
0.7320000000000005 0.00130264674975
0.7330000000000005 0.00112225400361
0.7340000000000005 0.00107642606994
0.7350000000000005 0.00112349917969
0.7360000000000005 0.001132813296
0.7370000000000005 0.00109007175644
0.7380000000000005 0.00102834744244
0.7390000000000005 0.00100157738086
0.7400000000000005 0.00098259119375
0.7410000000000005 0.00097338334275
0.7420000000000005 0.000963487
0.7430000000000005 0.00089997788225
0.7440000000000005 0.000925477596
0.7450000000000006 0.0009366046875
0.7460000000000006 0.000827808854438
0.7470000000000006 0.00105769734061
0.7480000000000006 0.00090897544375
0.7490000000000006 0.00088343632475
0.7500000000000006 0.000945272460938
0.7510000000000006 0.00100066996173
0.7520000000000006 0.0008836
0.7530000000000006 0.000756877279359
0.7540000000000006 0.000748451314
0.7550000000000006 0.000904834527734
0.7560000000000006 0.000629796951
0.7570000000000006 0.000764939829984
0.7580000000000006 0.00069949575975
0.7590000000000006 0.000979328698734
0.7600000000000006 0.0006030144
0.7610000000000006 0.000810190279
0.7620000000000006 0.000606192336
0.7630000000000006 0.000751398251188
0.7640000000000006 0.000792951016
0.7650000000000006 0.000807025275
0.7660000000000006 0.00064656843975
0.7670000000000006 0.000857394449438
0.7680000000000006 0.000681606144
0.7690000000000006 0.000857094609359
0.7700000000000006 0.000713990560938
0.7710000000000006 0.000694372104984
0.7720000000000006 0.000627422156
0.7730000000000006 0.000612878026188
0.7740000000000006 0.000611048159438
0.7750000000000006 0.000739134755859
0.7760000000000006 0.000677062231
0.7770000000000006 0.000596927615484
0.7780000000000006 0.000744868164938
0.7790000000000006 0.000676769943359
0.7800000000000006 0.000624028275
0.7810000000000006 0.000339586256109
0.7820000000000006 0.00056027064475
0.7830000000000006 0.000463638976734
0.7840000000000006 0.000482034364
0.7850000000000006 0.000626151999609
0.7860000000000006 0.000521024048438
0.7870000000000006 0.000663024836859
0.7880000000000006 0.0007024429
0.7890000000000006 0.00058750419375
0.7900000000000006 0.00041186699375
0.7910000000000006 0.000483925148438
0.7920000000000006 0.000394353036
0.7930000000000006 0.00059347624375
0.7940000000000006 0.00047168433475
0.7950000000000006 0.000442328621484
0.7960000000000006 0.000547444224
0.7970000000000006 0.00038414264275
0.7980000000000006 0.000391226507438
0.7990000000000006 0.000578301530859
0.8000000000000006 0.000424
0.8010000000000006 0.000303467247984
0.8020000000000006 0.00038749020975
0.8030000000000006 0.000471425904984
0.8040000000000006 0.00043405824375
0.8050000000000006 0.000370143779688
0.8060000000000006 0.000361674692438
0.8070000000000006 0.00041110093125
0.8080000000000006 0.0002968491
0.8090000000000006 0.000510127034438
0.8100000000000006 0.000288673748438
0.8110000000000006 0.000404077062484
0.8120000000000006 0.000142212259
0.8130000000000006 0.000387069642984
0.8140000000000006 0.0003975576
0.8150000000000006 0.000350534365234
0.8160000000000006 0.000341708976
0.8170000000000006 0.00048042520775
0.8180000000000006 0.000305455106
0.8190000000000006 0.000295124359359
0.8200000000000006 0.0003069506
0.8210000000000006 0.000375261794859
0.8220000000000006 0.00026735971275
0.8230000000000006 0.000347596776188
0.8240000000000006 0.000218959151
0.8250000000000006 0.000238973818359
0.8260000000000006 0.000422488752438
0.8270000000000006 0.000219701504859
0.8280000000000006 0.000291544596
0.8290000000000006 0.0003137255165
0.8300000000000006 0.000324633360938
0.8310000000000006 0.000263006630859
0.8320000000000006 0.000395389696
0.8330000000000006 0.000347367338609
0.8340000000000006 0.000408976059938
0.8350000000000006 0.00037807025625
0.8360000000000006 0.000339619775
0.8370000000000006 0.000256408254
0.8380000000000006 0.00025803077975
0.8390000000000006 0.000216411712438
0.8400000000000006 0.0002372139
0.8410000000000006 0.000258864846
0.8420000000000006 0.000301486941
0.8430000000000006 0.000185557116234
0.8440000000000006 0.00027129984375
0.8450000000000006 0.00017565015
0.8460000000000006 0.000208441101938
0.8470000000000006 0.000241183938188
0.8480000000000006 0.000155101744
0.8490000000000006 0.000295877547984
0.8500000000000006 0.000122813710938
0.8510000000000006 0.00022178655625
0.8520000000000006 0.000134972775
0.8530000000000006 0.000244613050688
0.8540000000000006 0.000266929656
0.8550000000000006 0.000201899967188
0.8560000000000006 0.000158041996
0.8570000000000007 0.000257871929359
0.8580000000000007 0.000323900657438
0.8590000000000007 0.000203793508688
0.8600000000000007 0.00025968049375
0.8610000000000007 0.000239064439359
0.8620000000000007 9.2137456e-05
0.8630000000000007 0.000171936905859
0.8640000000000007 0.000194917104
0.8650000000000007 0.000218750593359
0.8660000000000007 0.00020712847275
0.8670000000000007 0.000275118174
0.8680000000000007 0.00017393499375
0.8690000000000007 0.000208566028688
0.8700000000000007 0.000140215725
0.8710000000000007 9.4071484e-05
0.8720000000000007 0.000210008556
0.8730000000000007 0.000198999026859
0.8740000000000007 0.000106453281938
0.8750000000000007 0.000153495849609
0.8760000000000007 0.000118703475
0.8770000000000007 0.000130739912359
0.8780000000000007 0.000201285039438
0.8790000000000007 0.000154902447984
0.8800000000000007 0.0001905024
0.8810000000000007 0.000167408225688
0.8820000000000007 0.00012033511875
0.8830000000000007 0.000156315461859
0.8840000000000007 0.000168550291
0.8850000000000007 0.00014509243125
0.8860000000000007 0.000145420509
0.8870000000000007 0.00031254398525
0.8880000000000007 0.0001219779
0.8890000000000007 9.7999804e-05
0.8900000000000007 0.000158803673438
0.8910000000000007 0.000159160736109
0.8920000000000007 0.00015951819975
0.8930000000000007 0.000135553869859
0.8940000000000007 0.000185210454938
0.8950000000000007 0.00014838988125
0.8960000000000007 8.7193344e-05
0.8970000000000007 8.73880806094e-05
0.8980000000000007 9.9994096e-05
0.8990000000000007 0.000125018592188
0.9000000000000007 3.785484375e-05
0.9010000000000007 7.56497056875e-05
0.9020000000000007 7.581772275e-05
0.9030000000000007 8.85610618594e-05
0.9040000000000007 8.8757319e-05
0.9050000000000007 6.36663964844e-05
0.9060000000000007 0.000139529294438
0.9070000000000007 0.000127253517188
0.9080000000000007 0.00011530901975
0.9090000000000007 0.000102458844
0.9100000000000007 0.000115403498438
0.9110000000000007 9.01372011094e-05
0.9120000000000007 7.7508144e-05
0.9130000000000007 0.000103362556
0.9140000000000007 0.00012922531875
0.9150000000000007 6.50811621094e-05
0.9160000000000007 9.112934775e-05
0.9170000000000007 6.53659808594e-05
0.9180000000000007 2.628245475e-05
0.9190000000000007 0.000104725564
0.9200000000000007 7.88739e-05
0.9210000000000007 6.59374839844e-05
0.9220000000000007 6.60807484375e-05
0.9230000000000007 0.000105639196
0.9240000000000007 2.6627139e-05
0.9250000000000007 9.29288964844e-05
0.9260000000000007 6.66553609375e-05
0.9270000000000007 4.01602037344e-05
0.9280000000000007 0.0001332144
0.9290000000000007 6.70879527344e-05
0.9300000000000007 5.3840025e-05
0.9310000000000007 6.73771246094e-05
0.9320000000000007 6.752194375e-05
0.9330000000000007 0.000200960546484
0.9340000000000007 8.129267475e-05
0.9350000000000007 2.72648921875e-05
0.9360000000000007 2.7323244e-05
0.9370000000000007 6.82483714844e-05
0.9380000000000007 9.55593069375e-05
0.9390000000000007 5.488713225e-05
0.9400000000000007 0.0001095664
0.9410000000000007 2.76159386875e-05
0.9420000000000007 0.000110033136
0.9430000000000007 6.91252152344e-05
0.9440000000000007 2.7792304e-05
0.9450000000000007 4.17349652344e-05
0.9460000000000007 0.00013843231875
0.9470000000000007 5.582636025e-05
0.9480000000000007 4.200036975e-05
0.9490000000000007 1.40578187344e-05
0.9500000000000007 5.6180625e-05
0.9510000000000007 7.03030464844e-05
0.9520000000000007 2.8265356e-05
0.9530000000000007 7.05990589844e-05
0.9540000000000007 5.6654721e-05
0.9550000000000007 5.677355625e-05
0.9560000000000007 2.8503379e-05
0.9570000000000007 9.94697874844e-05
0.9580000000000007 4.28911269375e-05
0.9590000000000007 0.000114040444
0.9600000000000007 2.87424e-05
0.9610000000000007 4.31601767344e-05
0.9620000000000007 0.000128969297438
0.9630000000000007 4.33400106094e-05
0.9640000000000007 0.00010093025775
0.9650000000000007 7.23881933594e-05
0.9660000000000007 1.45659819375e-05
0.9670000000000007 7.26885589844e-05
0.9680000000000007 4.3791231e-05
0.9690000000000007 1.46565943594e-05
0.9700000000000008 8.768011875e-05
0.9710000000000008 1.47171587344e-05
0.9720000000000008 1.474748775e-05
0.9730000000000008 4.42447881094e-05
0.9740000000000008 7.37447359375e-05
0.9750000000000008 2.96476171875e-05
0.9760000000000008 5.9297856e-05
0.9770000000000008 1.48996011094e-05
0.9780000000000008 4.47006819375e-05
0.9790000000000008 0.0
0.9800000000000008 4.488369375e-05
0.9810000000000008 3.00136336875e-05
0.9820000000000008 8.986294275e-05
0.9830000000000008 3.01361381875e-05
0.9840000000000008 7.5266775e-05
0.9850000000000008 1.51446058594e-05
0.9860000000000008 4.54349724375e-05
0.9870000000000008 4.55271793594e-05
0.9880000000000008 6.0764964e-05
0.9890000000000008 1.52678574844e-05
0.9900000000000008 6.1011225e-05
0.9910000000000008 4.58969417344e-05
0.9920000000000008 6.1257984e-05
0.9930000000000008 3.07524031875e-05
0.9940000000000008 7.68043609375e-05
0.9950000000000008 4.62681996094e-05
0.9960000000000008 0.0
0.9970000000000008 1.55158592344e-05
0.9980000000000008 4.65476244375e-05
0.9990000000000008 3.11251561875e-05
1.0000000000000007 1.56249843437e-05
