0.0 0.008544921875
0.001 -5.859375e-06
0.002 3.0517578125e-05
0.003 -2.0751953125e-06
0.004 -3.7109375e-05
0.005 4.35791015625e-05
0.006 -2.2705078125e-05
0.007 6.640625e-05
0.008 -1.74560546875e-05
0.009000000000000001 -1.513671875e-05
0.010000000000000002 -2.20947265625e-05
0.011000000000000003 -3.33251953125e-05
0.012000000000000004 5.0048828125e-06
0.013000000000000005 -2.86865234375e-05
0.014000000000000005 -5.8837890625e-05
0.015000000000000006 1.123046875e-05
0.016000000000000007 7.58056640625e-05
0.017000000000000008 1.220703125e-07
0.01800000000000001 -1.45263671875e-05
0.01900000000000001 -4.04052734375e-05
0.02000000000000001 6.53076171875e-05
0.02100000000000001 5.38330078125e-05
0.022000000000000013 6.31103515625e-05
0.023000000000000013 -2.23388671875e-05
0.024000000000000014 1.13525390625e-05
0.025000000000000015 6.3232421875e-05
0.026000000000000016 2.52685546875e-05
0.027000000000000017 5.40771484375e-05
0.028000000000000018 -0.000133544921875
0.02900000000000002 4.55322265625e-05
0.03000000000000002 -0.000151000976563
0.03100000000000002 -4.248046875e-05
0.03200000000000002 0.000108154296875
0.03300000000000002 7.94677734375e-05
0.03400000000000002 -8.31298828125e-05
0.035000000000000024 0.000212646484375
0.036000000000000025 -8.31298828125e-05
0.037000000000000026 7.32421875e-05
0.03800000000000003 -2.05078125e-05
0.03900000000000003 -0.000232177734375
0.04000000000000003 0.000165893554687
0.04100000000000003 -7.84912109375e-05
0.04200000000000003 -0.000111694335938
0.04300000000000003 0.000182250976563
0.04400000000000003 -0.00011181640625
0.04500000000000003 0.0001611328125
0.046000000000000034 -1.03759765625e-05
0.047000000000000035 0.000106079101562
0.048000000000000036 0.00019873046875
0.04900000000000004 -0.0001708984375
0.05000000000000004 -3.271484375e-05
0.05100000000000004 -0.00014404296875
0.05200000000000004 0.00015625
0.05300000000000004 0.000240356445313
0.05400000000000004 -0.000102661132812
0.05500000000000004 -3.8330078125e-05
0.05600000000000004 -3.2470703125e-05
0.057000000000000044 -4.89501953125e-05
0.058000000000000045 0.000133911132812
0.059000000000000045 -1.46484375e-06
0.060000000000000046 0.000200439453125
0.06100000000000005 2.77099609375e-05
0.06200000000000005 -4.43115234375e-05
0.06300000000000004 0.00027099609375
0.06400000000000004 0.000257934570312
0.06500000000000004 -3.564453125e-05
0.06600000000000004 -0.000112915039063
0.06700000000000005 -0.000194702148437
0.06800000000000005 8.4228515625e-05
0.06900000000000005 0.000164916992187
0.07000000000000005 -8.63037109375e-05
0.07100000000000005 0.000377197265625
0.07200000000000005 4.6142578125e-05
0.07300000000000005 -1.18408203125e-05
0.07400000000000005 -8.0322265625e-05
0.07500000000000005 -0.000181640625
0.07600000000000005 -0.0001494140625
0.07700000000000005 9.2529296875e-05
0.07800000000000006 -0.000396606445313
0.07900000000000006 0.000257568359375
0.08000000000000006 -0.000301513671875
0.08100000000000006 -4.6142578125e-05
0.08200000000000006 5.62744140625e-05
0.08300000000000006 -0.000296630859375
0.08400000000000006 0.000187255859375
0.08500000000000006 -0.000402709960937
0.08600000000000006 -0.000436767578125
0.08700000000000006 -0.000863891601562
0.08800000000000006 -0.000262329101563
0.08900000000000007 1.3916015625e-05
0.09000000000000007 -0.000485473632812
0.09100000000000007 -8.41064453125e-05
0.09200000000000007 0.000385131835937
0.09300000000000007 -0.000344482421875
0.09400000000000007 0.000376831054688
0.09500000000000007 -0.00035498046875
0.09600000000000007 0.000253051757812
0.09700000000000007 0.00025634765625
0.09800000000000007 0.00022021484375
0.09900000000000007 -0.000494140625
0.10000000000000007 -0.000813598632813
0.10100000000000008 0.000152954101562
0.10200000000000008 9.02099609375e-05
0.10300000000000008 -0.000203002929688
0.10400000000000008 -0.000317138671875
0.10500000000000008 4.6142578125e-05
0.10600000000000008 0.000151000976563
0.10700000000000008 0.000656616210937
0.10800000000000008 -0.00044873046875
0.10900000000000008 -0.000424682617188
0.11000000000000008 -0.000426391601562
0.11100000000000008 0.000851440429687
0.11200000000000009 0.000200805664063
0.11300000000000009 0.000302490234375
0.11400000000000009 0.000196044921875
0.11500000000000009 -0.000516845703125
0.11600000000000009 -0.00083837890625
0.11700000000000009 0.000270385742187
0.11800000000000009 0.00102746582031
0.11900000000000009 -0.0003583984375
0.12000000000000009 0.0004765625
0.1210000000000001 0.00015869140625
0.1220000000000001 0.00121264648437
0.1230000000000001 -0.000530517578125
0.1240000000000001 -0.00140661621094
0.12500000000000008 0.000401733398437
0.12600000000000008 -0.000334838867187
0.12700000000000009 0.000858642578125
0.12800000000000009 -0.000257446289062
0.1290000000000001 0.000807739257812
0.1300000000000001 0.00143994140625
0.1310000000000001 -0.00168237304688
0.1320000000000001 -0.000563842773437
0.1330000000000001 -0.00222241210937
0.1340000000000001 0.000514526367187
0.1350000000000001 0.00167138671875
0.1360000000000001 0.00169445800781
0.1370000000000001 0.000631713867187
0.1380000000000001 0.000724243164062
0.1390000000000001 0.000742919921875
0.1400000000000001 0.00173376464844
0.1410000000000001 0.000174926757813
0.1420000000000001 0.000815673828125
0.1430000000000001 -0.00119750976563
0.1440000000000001 -0.00014453125
0.1450000000000001 0.00107727050781
0.1460000000000001 -0.00044873046875
0.1470000000000001 -0.00193029785156
0.1480000000000001 -0.0010205078125
0.1490000000000001 -0.000574462890625
0.1500000000000001 0.00236633300781
0.1510000000000001 0.00246569824219
0.1520000000000001 0.00229455566406
0.1530000000000001 -0.00271936035156
0.1540000000000001 -6.55517578125e-05
0.1550000000000001 -0.00435046386719
0.1560000000000001 -0.00238037109375
0.1570000000000001 -5.48095703125e-05
0.1580000000000001 -0.00136779785156
0.1590000000000001 -0.00268347167969
0.16000000000000011 -0.00158911132813
0.16100000000000012 0.00522924804688
0.16200000000000012 0.002095703125
0.16300000000000012 0.00114929199219
0.16400000000000012 0.000142700195313
0.16500000000000012 -0.00244055175781
0.16600000000000012 -0.00710729980469
0.16700000000000012 -0.00132299804687
0.16800000000000012 -0.00271020507813
0.16900000000000012 0.0136353759766
0.17000000000000012 0.0110432128906
0.17100000000000012 -0.000948364257813
0.17200000000000013 0.00159716796875
0.17300000000000013 0.0131910400391
0.17400000000000013 0.00860217285156
0.17500000000000013 0.0037626953125
0.17600000000000013 0.0136340332031
0.17700000000000013 0.0161845703125
0.17800000000000013 0.0333538818359
0.17900000000000013 0.00329418945313
0.18000000000000013 -0.00457141113281
0.18100000000000013 -0.00192468261719
0.18200000000000013 -0.0265504150391
0.18300000000000013 -0.0584392089844
0.18400000000000014 -0.110624633789
0.18500000000000014 0.108958618164
0.18600000000000014 0.189456176758
0.18700000000000014 0.303505981445
0.18800000000000014 0.365712524414
0.18900000000000014 0.0417572021484
0.19000000000000014 0.223144287109
0.19100000000000014 -0.137629394531
0.19200000000000014 -0.170748779297
0.19300000000000014 -0.0398873291016
0.19400000000000014 -0.0260594482422
0.19500000000000015 -0.625206665039
0.19600000000000015 -0.747684570313
0.19700000000000015 -0.75822668457
0.19800000000000015 -0.772379394531
0.19900000000000015 -0.78419543457
0.20000000000000015 -0.788685302734
0.20100000000000015 -0.800420410156
0.20200000000000015 -0.809238769531
0.20300000000000015 -0.818725097656
0.20400000000000015 -0.820538085937
0.20500000000000015 -0.827052368164
0.20600000000000016 -0.836374755859
0.20700000000000016 -0.841697021484
0.20800000000000016 -0.847759887695
0.20900000000000016 -0.851729492188
0.21000000000000016 -0.855677978516
0.21100000000000016 -0.860479125977
0.21200000000000016 -0.864626831055
0.21300000000000016 -0.869856201172
0.21400000000000016 -0.872299072266
0.21500000000000016 -0.876618652344
0.21600000000000016 -0.880202636719
0.21700000000000016 -0.883876831055
0.21800000000000017 -0.887190185547
0.21900000000000017 -0.889943115234
0.22000000000000017 -0.893598510742
0.22100000000000017 -0.895814941406
0.22200000000000017 -0.898695922852
0.22300000000000017 -0.901325927734
0.22400000000000017 -0.903555541992
0.22500000000000017 -0.906319091797
0.22600000000000017 -0.907982299805
0.22700000000000017 -0.910401489258
0.22800000000000017 -0.913144287109
0.22900000000000018 -0.915009643555
0.23000000000000018 -0.917111938477
0.23100000000000018 -0.919086791992
0.23200000000000018 -0.921045532227
0.23300000000000018 -0.922766357422
0.23400000000000018 -0.925026367187
0.23500000000000018 -0.926328857422
0.23600000000000018 -0.928089111328
0.23700000000000018 -0.929823364258
0.23800000000000018 -0.930822509766
0.23900000000000018 -0.932802856445
0.24000000000000019 -0.934307128906
0.2410000000000002 -0.935590942383
0.2420000000000002 -0.937512451172
0.2430000000000002 -0.938682495117
0.2440000000000002 -0.939981201172
0.2450000000000002 -0.941309082031
0.2460000000000002 -0.942515991211
0.2470000000000002 -0.943651367187
0.2480000000000002 -0.945067749023
0.2490000000000002 -0.946143798828
0.25000000000000017 -0.94726171875
0.25100000000000017 -0.948359008789
0.25200000000000017 -0.949481323242
0.25300000000000017 -0.950487670898
0.25400000000000017 -0.951744262695
0.25500000000000017 -0.952712036133
0.25600000000000017 -0.95356262207
0.2570000000000002 -0.954618530273
0.2580000000000002 -0.955612304688
0.2590000000000002 -0.956498046875
0.2600000000000002 -0.957137573242
0.2610000000000002 -0.958227783203
0.2620000000000002 -0.958848876953
0.2630000000000002 -0.959718383789
0.2640000000000002 -0.960449707031
0.2650000000000002 -0.961494018555
0.2660000000000002 -0.962121704102
0.2670000000000002 -0.962936157227
0.2680000000000002 -0.963514038086
0.2690000000000002 -0.964371704102
0.2700000000000002 -0.964897949219
0.2710000000000002 -0.965620605469
0.2720000000000002 -0.966299926758
0.2730000000000002 -0.966868530273
0.2740000000000002 -0.967610717773
0.2750000000000002 -0.968248168945
0.2760000000000002 -0.968811157227
0.2770000000000002 -0.969413818359
0.2780000000000002 -0.970083862305
0.2790000000000002 -0.970465942383
0.2800000000000002 -0.971227050781
0.2810000000000002 -0.971821533203
0.2820000000000002 -0.972142944336
0.2830000000000002 -0.972898071289
0.2840000000000002 -0.973289672852
0.2850000000000002 -0.973806396484
0.2860000000000002 -0.974142456055
0.2870000000000002 -0.974753295898
0.2880000000000002 -0.975123657227
0.2890000000000002 -0.975771606445
0.2900000000000002 -0.97614074707
0.2910000000000002 -0.976605224609
0.2920000000000002 -0.976948608398
0.2930000000000002 -0.977649536133
0.2940000000000002 -0.977857910156
0.2950000000000002 -0.978275878906
0.2960000000000002 -0.978692871094
0.2970000000000002 -0.978986572266
0.2980000000000002 -0.979305297852
0.2990000000000002 -0.9798203125
0.3000000000000002 -0.980219482422
0.3010000000000002 -0.980572998047
0.3020000000000002 -0.980872924805
0.3030000000000002 -0.981243041992
0.3040000000000002 -0.981584960938
0.3050000000000002 -0.981866821289
0.3060000000000002 -0.982326171875
0.3070000000000002 -0.982630371094
0.3080000000000002 -0.982966308594
0.3090000000000002 -0.983191650391
0.3100000000000002 -0.983492553711
0.3110000000000002 -0.983752563477
0.3120000000000002 -0.984072021484
0.3130000000000002 -0.9842578125
0.3140000000000002 -0.984618896484
0.3150000000000002 -0.984966064453
0.3160000000000002 -0.985189208984
0.3170000000000002 -0.985420043945
0.3180000000000002 -0.985764648438
0.31900000000000023 -0.985866333008
0.32000000000000023 -0.986125488281
0.32100000000000023 -0.986243652344
0.32200000000000023 -0.986684692383
0.32300000000000023 -0.98685925293
0.32400000000000023 -0.987134887695
0.32500000000000023 -0.987336425781
0.32600000000000023 -0.987636352539
0.32700000000000023 -0.987766235352
0.32800000000000024 -0.987937255859
0.32900000000000024 -0.988170043945
0.33000000000000024 -0.98837487793
0.33100000000000024 -0.988622680664
0.33200000000000024 -0.98883581543
0.33300000000000024 -0.988989379883
0.33400000000000024 -0.989217895508
0.33500000000000024 -0.989342041016
0.33600000000000024 -0.989539794922
0.33700000000000024 -0.989741699219
0.33800000000000024 -0.989922973633
0.33900000000000025 -0.990105712891
0.34000000000000025 -0.990301635742
0.34100000000000025 -0.99046496582
0.34200000000000025 -0.990650878906
0.34300000000000025 -0.990807983398
0.34400000000000025 -0.990905029297
0.34500000000000025 -0.991092407227
0.34600000000000025 -0.991264038086
0.34700000000000025 -0.991405639648
0.34800000000000025 -0.991564697266
0.34900000000000025 -0.991625366211
0.35000000000000026 -0.991843017578
0.35100000000000026 -0.991964477539
0.35200000000000026 -0.992134887695
0.35300000000000026 -0.992235961914
0.35400000000000026 -0.992341308594
0.35500000000000026 -0.992458007813
0.35600000000000026 -0.99263293457
0.35700000000000026 -0.9927421875
0.35800000000000026 -0.992874145508
0.35900000000000026 -0.992990234375
0.36000000000000026 -0.993113647461
0.36100000000000027 -0.993210083008
0.36200000000000027 -0.993365478516
0.36300000000000027 -0.99342578125
0.36400000000000027 -0.99360546875
0.36500000000000027 -0.993685302734
0.36600000000000027 -0.993749145508
0.36700000000000027 -0.993846923828
0.36800000000000027 -0.994025634766
0.36900000000000027 -0.994046630859
0.3700000000000003 -0.994186889648
0.3710000000000003 -0.994304199219
0.3720000000000003 -0.99436328125
0.3730000000000003 -0.994489746094
0.3740000000000003 -0.994553710938
0.3750000000000003 -0.994652954102
0.3760000000000003 -0.994763916016
0.3770000000000003 -0.994862915039
0.3780000000000003 -0.994904541016
0.3790000000000003 -0.994961791992
0.3800000000000003 -0.995075805664
0.3810000000000003 -0.995209472656
0.3820000000000003 -0.995216796875
0.3830000000000003 -0.995333740234
0.3840000000000003 -0.9953515625
0.3850000000000003 -0.995458984375
0.3860000000000003 -0.995575927734
0.3870000000000003 -0.995647705078
0.3880000000000003 -0.995721435547
0.3890000000000003 -0.995763671875
0.3900000000000003 -0.995857055664
0.3910000000000003 -0.995954589844
0.3920000000000003 -0.995949584961
0.3930000000000003 -0.996048095703
0.3940000000000003 -0.996120727539
0.3950000000000003 -0.996142700195
0.3960000000000003 -0.996252197266
0.3970000000000003 -0.996283935547
0.3980000000000003 -0.996357910156
0.3990000000000003 -0.996439086914
0.4000000000000003 -0.996494873047
0.4010000000000003 -0.996572753906
0.4020000000000003 -0.996598266602
0.4030000000000003 -0.996641967773
0.4040000000000003 -0.996723876953
0.4050000000000003 -0.996756835937
0.4060000000000003 -0.996779174805
0.4070000000000003 -0.996879272461
0.4080000000000003 -0.996917480469
0.4090000000000003 -0.996973754883
0.4100000000000003 -0.99704284668
0.4110000000000003 -0.997118408203
0.4120000000000003 -0.997113891602
0.4130000000000003 -0.997159912109
0.4140000000000003 -0.997201049805
0.4150000000000003 -0.997267211914
0.4160000000000003 -0.997294433594
0.4170000000000003 -0.997354980469
0.4180000000000003 -0.997380371094
0.4190000000000003 -0.997448242187
0.4200000000000003 -0.997441772461
0.4210000000000003 -0.997492553711
0.4220000000000003 -0.997573974609
0.4230000000000003 -0.997598876953
0.4240000000000003 -0.997649658203
0.4250000000000003 -0.997664794922
0.4260000000000003 -0.997731933594
0.4270000000000003 -0.997758911133
0.4280000000000003 -0.997808837891
0.4290000000000003 -0.997805053711
0.4300000000000003 -0.997851318359
0.4310000000000003 -0.997880126953
0.43200000000000033 -0.997931396484
0.43300000000000033 -0.997978027344
0.43400000000000033 -0.997971191406
0.43500000000000033 -0.998014160156
0.43600000000000033 -0.998082885742
0.43700000000000033 -0.99808972168
0.43800000000000033 -0.998127441406
0.43900000000000033 -0.998135864258
0.44000000000000034 -0.998184814453
0.44100000000000034 -0.998221069336
0.44200000000000034 -0.998241699219
0.44300000000000034 -0.998251342773
0.44400000000000034 -0.99827734375
0.44500000000000034 -0.998360473633
0.44600000000000034 -0.998353149414
0.44700000000000034 -0.99837487793
0.44800000000000034 -0.998405883789
0.44900000000000034 -0.998419555664
0.45000000000000034 -0.998461914062
0.45100000000000035 -0.998492675781
0.45200000000000035 -0.998518066406
0.45300000000000035 -0.998510986328
0.45400000000000035 -0.998583129883
0.45500000000000035 -0.998564575195
0.45600000000000035 -0.998610717773
0.45700000000000035 -0.998626098633
0.45800000000000035 -0.998642822266
0.45900000000000035 -0.998676513672
0.46000000000000035 -0.99870715332
0.46100000000000035 -0.99872277832
0.46200000000000035 -0.998725708008
0.46300000000000036 -0.998760375977
0.46400000000000036 -0.998788452148
0.46500000000000036 -0.998781494141
0.46600000000000036 -0.998825927734
0.46700000000000036 -0.998829833984
0.46800000000000036 -0.998824951172
0.46900000000000036 -0.998877197266
0.47000000000000036 -0.998865844727
0.47100000000000036 -0.998915649414
0.47200000000000036 -0.998907592773
0.47300000000000036 -0.998932983398
0.47400000000000037 -0.998967529297
0.47500000000000037 -0.998979858398
0.47600000000000037 -0.998987060547
0.47700000000000037 -0.9990078125
0.47800000000000037 -0.999024902344
0.47900000000000037 -0.99905065918
0.48000000000000037 -0.999070922852
0.48100000000000037 -0.999081298828
0.4820000000000004 -0.999088989258
0.4830000000000004 -0.999068237305
0.4840000000000004 -0.999131225586
0.4850000000000004 -0.99912487793
0.4860000000000004 -0.999147094727
0.4870000000000004 -0.999157592773
0.4880000000000004 -0.999166503906
0.4890000000000004 -0.999177978516
0.4900000000000004 -0.999208374023
0.4910000000000004 -0.999210327148
0.4920000000000004 -0.999232666016
0.4930000000000004 -0.999250366211
0.4940000000000004 -0.999244506836
0.4950000000000004 -0.999278076172
0.4960000000000004 -0.99928125
0.4970000000000004 -0.999305297852
0.4980000000000004 -0.999302368164
0.4990000000000004 -0.999321777344
0.5000000000000003 -0.99931652832
0.5010000000000003 -0.999315307617
0.5020000000000003 -0.999342529297
0.5030000000000003 -0.999352416992
0.5040000000000003 -0.999363769531
0.5050000000000003 -0.999360839844
0.5060000000000003 -0.999365234375
0.5070000000000003 -0.999398681641
0.5080000000000003 -0.99940612793
0.5090000000000003 -0.999404418945
0.5100000000000003 -0.999409301758
0.5110000000000003 -0.999419189453
0.5120000000000003 -0.999430664063
0.5130000000000003 -0.999440185547
0.5140000000000003 -0.99946105957
0.5150000000000003 -0.999460449219
0.5160000000000003 -0.999466918945
0.5170000000000003 -0.999480102539
0.5180000000000003 -0.999493408203
0.5190000000000003 -0.999482299805
0.5200000000000004 -0.999514404297
0.5210000000000004 -0.999501831055
0.5220000000000004 -0.999513549805
0.5230000000000004 -0.999518676758
0.5240000000000004 -0.999537109375
0.5250000000000004 -0.999540771484
0.5260000000000004 -0.999549926758
0.5270000000000004 -0.999560058594
0.5280000000000004 -0.999561279297
0.5290000000000004 -0.999571533203
0.5300000000000004 -0.999575561523
0.5310000000000004 -0.999583618164
0.5320000000000004 -0.999606689453
0.5330000000000004 -0.999600585938
0.5340000000000004 -0.99961328125
0.5350000000000004 -0.999616577148
0.5360000000000004 -0.999616699219
0.5370000000000004 -0.999623657227
0.5380000000000004 -0.999634521484
0.5390000000000004 -0.999639526367
0.5400000000000004 -0.999634399414
0.5410000000000004 -0.999645629883
0.5420000000000004 -0.999658203125
0.5430000000000004 -0.999669555664
0.5440000000000004 -0.999668457031
0.5450000000000004 -0.999672485352
0.5460000000000004 -0.999678955078
0.5470000000000004 -0.999692138672
0.5480000000000004 -0.999688964844
0.5490000000000004 -0.99968762207
0.5500000000000004 -0.999695678711
0.5510000000000004 -0.999703613281
0.5520000000000004 -0.999689697266
0.5530000000000004 -0.999717773438
0.5540000000000004 -0.999707397461
0.5550000000000004 -0.99972265625
0.5560000000000004 -0.99971862793
0.5570000000000004 -0.99973046875
0.5580000000000004 -0.999729614258
0.5590000000000004 -0.999733520508
0.5600000000000004 -0.999745239258
0.5610000000000004 -0.999755615234
0.5620000000000004 -0.999747070312
0.5630000000000004 -0.99976159668
0.5640000000000004 -0.999761352539
0.5650000000000004 -0.999756225586
0.5660000000000004 -0.999770019531
0.5670000000000004 -0.999759399414
0.5680000000000004 -0.999775878906
0.5690000000000004 -0.999776733398
0.5700000000000004 -0.999776977539
0.5710000000000004 -0.999787475586
0.5720000000000004 -0.999789794922
0.5730000000000004 -0.999792480469
0.5740000000000004 -0.999801269531
0.5750000000000004 -0.999795410156
0.5760000000000004 -0.999794433594
0.5770000000000004 -0.999796630859
0.5780000000000004 -0.999807128906
0.5790000000000004 -0.999795410156
0.5800000000000004 -0.999806518555
0.5810000000000004 -0.999820800781
0.5820000000000004 -0.99982019043
0.5830000000000004 -0.99982409668
0.5840000000000004 -0.999823120117
0.5850000000000004 -0.999829467773
0.5860000000000004 -0.999828613281
0.5870000000000004 -0.999837280273
0.5880000000000004 -0.99983605957
0.5890000000000004 -0.999833740234
0.5900000000000004 -0.999835449219
0.5910000000000004 -0.999848266602
0.5920000000000004 -0.999848876953
0.5930000000000004 -0.999848388672
0.5940000000000004 -0.999850219727
0.5950000000000004 -0.999852905273
0.5960000000000004 -0.999859619141
0.5970000000000004 -0.999857177734
0.5980000000000004 -0.999853393555
0.5990000000000004 -0.999868286133
0.6000000000000004 -0.999864013672
0.6010000000000004 -0.999864257812
0.6020000000000004 -0.999870605469
0.6030000000000004 -0.999870727539
0.6040000000000004 -0.999881103516
0.6050000000000004 -0.999876098633
0.6060000000000004 -0.999869873047
0.6070000000000004 -0.99987890625
0.6080000000000004 -0.999882080078
0.6090000000000004 -0.99987878418
0.6100000000000004 -0.99987890625
0.6110000000000004 -0.999888427734
0.6120000000000004 -0.999887695312
0.6130000000000004 -0.999894165039
0.6140000000000004 -0.999891845703
0.6150000000000004 -0.999897460937
0.6160000000000004 -0.999899780273
0.6170000000000004 -0.99989050293
0.6180000000000004 -0.999893676758
0.6190000000000004 -0.999896484375
0.6200000000000004 -0.999903686523
0.6210000000000004 -0.999896728516
0.6220000000000004 -0.99991003418
0.6230000000000004 -0.999906860352
0.6240000000000004 -0.999904907227
0.6250000000000004 -0.999905273438
0.6260000000000004 -0.999909912109
0.6270000000000004 -0.999913085937
0.6280000000000004 -0.999913574219
0.6290000000000004 -0.999916625977
0.6300000000000004 -0.999914916992
0.6310000000000004 -0.999913208008
0.6320000000000005 -0.999920043945
0.6330000000000005 -0.999924072266
0.6340000000000005 -0.999922119141
0.6350000000000005 -0.999921630859
0.6360000000000005 -0.999918579102
0.6370000000000005 -0.99991784668
0.6380000000000005 -0.999927001953
0.6390000000000005 -0.999925170898
0.6400000000000005 -0.999927734375
0.6410000000000005 -0.999930541992
0.6420000000000005 -0.999932861328
0.6430000000000005 -0.99992956543
0.6440000000000005 -0.999937988281
0.6450000000000005 -0.999932983398
0.6460000000000005 -0.999930664062
0.6470000000000005 -0.999938964844
0.6480000000000005 -0.99993737793
0.6490000000000005 -0.999941650391
0.6500000000000005 -0.999938476563
0.6510000000000005 -0.999935546875
0.6520000000000005 -0.999941162109
0.6530000000000005 -0.999936767578
0.6540000000000005 -0.999944458008
0.6550000000000005 -0.999940185547
0.6560000000000005 -0.999941894531
0.6570000000000005 -0.999940063477
0.6580000000000005 -0.999946533203
0.6590000000000005 -0.999943603516
0.6600000000000005 -0.999952880859
0.6610000000000005 -0.999950561523
0.6620000000000005 -0.999947509766
0.6630000000000005 -0.999951904297
0.6640000000000005 -0.999948486328
0.6650000000000005 -0.999954467773
0.6660000000000005 -0.99995324707
0.6670000000000005 -0.999949951172
0.6680000000000005 -0.999952026367
0.6690000000000005 -0.999954223633
0.6700000000000005 -0.999957275391
0.6710000000000005 -0.999959472656
0.6720000000000005 -0.999958618164
0.6730000000000005 -0.999959472656
0.6740000000000005 -0.999955566406
0.6750000000000005 -0.999962036133
0.6760000000000005 -0.999961181641
0.6770000000000005 -0.999964599609
0.6780000000000005 -0.999959716797
0.6790000000000005 -0.999959960937
0.6800000000000005 -0.999962524414
0.6810000000000005 -0.999960327148
0.6820000000000005 -0.999962280273
0.6830000000000005 -0.999966796875
0.6840000000000005 -0.99996484375
0.6850000000000005 -0.99996496582
0.6860000000000005 -0.999968505859
0.6870000000000005 -0.999964233398
0.6880000000000005 -0.999962402344
0.6890000000000005 -0.999968383789
0.6900000000000005 -0.999968383789
0.6910000000000005 -0.999966064453
0.6920000000000005 -0.999967895508
0.6930000000000005 -0.999970581055
0.6940000000000005 -0.999970458984
0.6950000000000005 -0.999969482422
0.6960000000000005 -0.99996875
0.6970000000000005 -0.99997253418
0.6980000000000005 -0.999971191406
0.6990000000000005 -0.999971191406
0.7000000000000005 -0.999976074219
0.7010000000000005 -0.999975463867
0.7020000000000005 -0.999973754883
0.7030000000000005 -0.999975219727
0.7040000000000005 -0.999975708008
0.7050000000000005 -0.999973754883
0.7060000000000005 -0.999975952148
0.7070000000000005 -0.999973510742
0.7080000000000005 -0.999979125977
0.7090000000000005 -0.999976196289
0.7100000000000005 -0.999973999023
0.7110000000000005 -0.999978759766
0.7120000000000005 -0.999982666016
0.7130000000000005 -0.999978149414
0.7140000000000005 -0.999979492188
0.7150000000000005 -0.999979248047
0.7160000000000005 -0.999976318359
0.7170000000000005 -0.999975097656
0.7180000000000005 -0.999979003906
0.7190000000000005 -0.99998059082
0.7200000000000005 -0.999978027344
0.7210000000000005 -0.999981201172
0.7220000000000005 -0.999980834961
0.7230000000000005 -0.999981201172
0.7240000000000005 -0.999983276367
0.7250000000000005 -0.999980957031
0.7260000000000005 -0.999979614258
0.7270000000000005 -0.999981933594
0.7280000000000005 -0.999981201172
0.7290000000000005 -0.999980102539
0.7300000000000005 -0.999983154297
0.7310000000000005 -0.999982910156
0.7320000000000005 -0.999981323242
0.7330000000000005 -0.999983032227
0.7340000000000005 -0.999984985352
0.7350000000000005 -0.999984130859
0.7360000000000005 -0.999984008789
0.7370000000000005 -0.999983764648
0.7380000000000005 -0.999985473633
0.7390000000000005 -0.999984741211
0.7400000000000005 -0.999985473633
0.7410000000000005 -0.999986328125
0.7420000000000005 -0.999987792969
0.7430000000000005 -0.999986816406
0.7440000000000005 -0.999986083984
0.7450000000000006 -0.999987792969
0.7460000000000006 -0.999987915039
0.7470000000000006 -0.999985717773
0.7480000000000006 -0.999987182617
0.7490000000000006 -0.99998828125
0.7500000000000006 -0.999986938477
0.7510000000000006 -0.999986938477
0.7520000000000006 -0.999987792969
0.7530000000000006 -0.999989379883
0.7540000000000006 -0.999989257813
0.7550000000000006 -0.99998815918
0.7560000000000006 -0.999990966797
0.7570000000000006 -0.999989379883
0.7580000000000006 -0.999990478516
0.7590000000000006 -0.999987670898
0.7600000000000006 -0.999991210937
0.7610000000000006 -0.999988769531
0.7620000000000006 -0.999991210937
0.7630000000000006 -0.999989501953
0.7640000000000006 -0.999989746094
0.7650000000000006 -0.999989257813
0.7660000000000006 -0.999990966797
0.7670000000000006 -0.999989990234
0.7680000000000006 -0.999991333008
0.7690000000000006 -0.999990356445
0.7700000000000006 -0.999990600586
0.7710000000000006 -0.999990356445
0.7720000000000006 -0.999991699219
0.7730000000000006 -0.999991943359
0.7740000000000006 -0.999992553711
0.7750000000000006 -0.999990356445
0.7760000000000006 -0.999991333008
0.7770000000000006 -0.999992553711
0.7780000000000006 -0.999990356445
0.7790000000000006 -0.999990844727
0.7800000000000006 -0.999991943359
0.7810000000000006 -0.999995483398
0.7820000000000006 -0.999992919922
0.7830000000000006 -0.999993774414
0.7840000000000006 -0.999993530273
0.7850000000000006 -0.99999230957
0.7860000000000006 -0.999993286133
0.7870000000000006 -0.999991821289
0.7880000000000006 -0.999992675781
0.7890000000000006 -0.999992675781
0.7900000000000006 -0.999994873047
0.7910000000000006 -0.999993896484
0.7920000000000006 -0.999994873047
0.7930000000000006 -0.999992675781
0.7940000000000006 -0.999994384766
0.7950000000000006 -0.999994262695
0.7960000000000006 -0.999993652344
0.7970000000000006 -0.999995605469
0.7980000000000006 -0.999994995117
0.7990000000000006 -0.999993286133
0.8000000000000006 -0.999995117188
0.8010000000000006 -0.999996704102
0.8020000000000006 -0.999995361328
0.8030000000000006 -0.999994262695
0.8040000000000006 -0.999994506836
0.8050000000000006 -0.999995361328
0.8060000000000006 -0.999995483398
0.8070000000000006 -0.999995117188
0.8080000000000006 -0.999996337891
0.8090000000000006 -0.999994384766
0.8100000000000006 -0.999996459961
0.8110000000000006 -0.999994995117
0.8120000000000006 -0.999998291016
0.8130000000000006 -0.999995239258
0.8140000000000006 -0.999995117188
0.8150000000000006 -0.999995727539
0.8160000000000006 -0.999995849609
0.8170000000000006 -0.999994628906
0.8180000000000006 -0.999996582031
0.8190000000000006 -0.999996459961
0.8200000000000006 -0.999996582031
0.8210000000000006 -0.999995483398
0.8220000000000006 -0.999996826172
0.8230000000000006 -0.999995849609
0.8240000000000006 -0.999997680664
0.8250000000000006 -0.999997192383
0.8260000000000006 -0.999995483398
0.8270000000000006 -0.999997436523
0.8280000000000006 -0.999996582031
0.8290000000000006 -0.999996582031
0.8300000000000006 -0.999996459961
0.8310000000000006 -0.999996948242
0.8320000000000006 -0.999995361328
0.8330000000000006 -0.99999621582
0.8340000000000006 -0.999995483398
0.8350000000000006 -0.999995605469
0.8360000000000006 -0.999996337891
0.8370000000000006 -0.999997070312
0.8380000000000006 -0.999997314453
0.8390000000000006 -0.999997802734
0.8400000000000006 -0.999997314453
0.8410000000000006 -0.999997070312
0.8420000000000006 -0.999996582031
0.8430000000000006 -0.999997924805
0.8440000000000006 -0.999996948242
0.8450000000000006 -0.999998046875
0.8460000000000006 -0.999997680664
0.8470000000000006 -0.999997314453
0.8480000000000006 -0.999998291016
0.8490000000000006 -0.999996704102
0.8500000000000006 -0.999998657227
0.8510000000000006 -0.999997558594
0.8520000000000006 -0.999998779297
0.8530000000000006 -0.999997314453
0.8540000000000006 -0.999997070312
0.8550000000000006 -0.999997802734
0.8560000000000006 -0.999998291016
0.8570000000000007 -0.999997192383
0.8580000000000007 -0.999996459961
0.8590000000000007 -0.999997802734
0.8600000000000007 -0.999997192383
0.8610000000000007 -0.999997680664
0.8620000000000007 -0.999999023438
0.8630000000000007 -0.999998168945
0.8640000000000007 -0.999997924805
0.8650000000000007 -0.999997924805
0.8660000000000007 -0.999997802734
0.8670000000000007 -0.999997070312
0.8680000000000007 -0.999998168945
0.8690000000000007 -0.999997802734
0.8700000000000007 -0.999998535156
0.8710000000000007 -0.999999023438
0.8720000000000007 -0.999997802734
0.8730000000000007 -0.999997924805
0.8740000000000007 -0.999998901367
0.8750000000000007 -0.999998413086
0.8760000000000007 -0.999998779297
0.8770000000000007 -0.999998657227
0.8780000000000007 -0.999997924805
0.8790000000000007 -0.999998413086
0.8800000000000007 -0.999998046875
0.8810000000000007 -0.999998291016
0.8820000000000007 -0.999998779297
0.8830000000000007 -0.999998413086
0.8840000000000007 -0.999998291016
0.8850000000000007 -0.999998535156
0.8860000000000007 -0.999998535156
0.8870000000000007 -0.999997070312
0.8880000000000007 -0.999998779297
0.8890000000000007 -0.999999023438
0.8900000000000007 -0.999998413086
0.8910000000000007 -0.999998413086
0.8920000000000007 -0.999998413086
0.8930000000000007 -0.999998657227
0.8940000000000007 -0.999998413086
0.8950000000000007 -0.999998535156
0.8960000000000007 -0.999999145508
0.8970000000000007 -0.999999145508
0.8980000000000007 -0.999999023438
0.8990000000000007 -0.999998779297
0.9000000000000007 -0.999999633789
0.9010000000000007 -0.999999267578
0.9020000000000007 -0.999999267578
0.9030000000000007 -0.999999145508
0.9040000000000007 -0.999999145508
0.9050000000000007 -0.999999389648
0.9060000000000007 -0.999998657227
0.9070000000000007 -0.999998779297
0.9080000000000007 -0.999999145508
0.9090000000000007 -0.999999023438
0.9100000000000007 -0.999998901367
0.9110000000000007 -0.999999145508
0.9120000000000007 -0.999999267578
0.9130000000000007 -0.999999023438
0.9140000000000007 -0.999998779297
0.9150000000000007 -0.999999389648
0.9160000000000007 -0.999999145508
0.9170000000000007 -0.999999389648
0.9180000000000007 -0.999999755859
0.9190000000000007 -0.999999023438
0.9200000000000007 -0.999999267578
0.9210000000000007 -0.999999389648
0.9220000000000007 -0.999999389648
0.9230000000000007 -0.999999023438
0.9240000000000007 -0.999999755859
0.9250000000000007 -0.999999145508
0.9260000000000007 -0.999999389648
0.9270000000000007 -0.999999633789
0.9280000000000007 -0.999998779297
0.9290000000000007 -0.999999389648
0.9300000000000007 -0.999999511719
0.9310000000000007 -0.999999389648
0.9320000000000007 -0.999999389648
0.9330000000000007 -0.999998168945
0.9340000000000007 -0.999999267578
0.9350000000000007 -0.999999755859
0.9360000000000007 -0.999999755859
0.9370000000000007 -0.999999389648
0.9380000000000007 -0.999999145508
0.9390000000000007 -0.999999511719
0.9400000000000007 -0.999999023438
0.9410000000000007 -0.999999755859
0.9420000000000007 -0.999999023438
0.9430000000000007 -0.999999389648
0.9440000000000007 -0.999999755859
0.9450000000000007 -0.999999633789
0.9460000000000007 -0.999998779297
0.9470000000000007 -0.999999511719
0.9480000000000007 -0.999999633789
0.9490000000000007 -0.99999987793
0.9500000000000007 -0.999999511719
0.9510000000000007 -0.999999389648
0.9520000000000007 -0.999999755859
0.9530000000000007 -0.999999389648
0.9540000000000007 -0.999999511719
0.9550000000000007 -0.999999511719
0.9560000000000007 -0.999999755859
0.9570000000000007 -0.999999145508
0.9580000000000007 -0.999999633789
0.9590000000000007 -0.999999023438
0.9600000000000007 -0.999999755859
0.9610000000000007 -0.999999633789
0.9620000000000007 -0.999998901367
0.9630000000000007 -0.999999633789
0.9640000000000007 -0.999999145508
0.9650000000000007 -0.999999389648
0.9660000000000007 -0.99999987793
0.9670000000000007 -0.999999389648
0.9680000000000007 -0.999999633789
0.9690000000000007 -0.99999987793
0.9700000000000008 -0.999999267578
0.9710000000000008 -0.99999987793
0.9720000000000008 -0.99999987793
0.9730000000000008 -0.999999633789
0.9740000000000008 -0.999999389648
0.9750000000000008 -0.999999755859
0.9760000000000008 -0.999999511719
0.9770000000000008 -0.99999987793
0.9780000000000008 -0.999999633789
0.9790000000000008 -1.0
0.9800000000000008 -0.999999633789
0.9810000000000008 -0.999999755859
0.9820000000000008 -0.999999267578
0.9830000000000008 -0.999999755859
0.9840000000000008 -0.999999389648
0.9850000000000008 -0.99999987793
0.9860000000000008 -0.999999633789
0.9870000000000008 -0.999999633789
0.9880000000000008 -0.999999511719
0.9890000000000008 -0.99999987793
0.9900000000000008 -0.999999511719
0.9910000000000008 -0.999999633789
0.9920000000000008 -0.999999511719
0.9930000000000008 -0.999999755859
0.9940000000000008 -0.999999389648
0.9950000000000008 -0.999999633789
0.9960000000000008 -1.0
0.9970000000000008 -0.99999987793
0.9980000000000008 -0.999999633789
0.9990000000000008 -0.999999755859
1.0000000000000007 -0.999999877807
