0.0 0.0
0.001 4.19567935937e-06
0.002 1.62668740775e-05
0.003 3.31915425694e-05
0.004 6.891013216e-05
0.005 0.0001011964625
0.006 0.000157851324
0.007 0.000193157099594
0.008 0.00025561816176
0.009000000000000001 0.000364629810549
0.010000000000000002 0.000411439266938
0.011000000000000003 0.000532805068978
0.012000000000000004 0.00062604320751
0.013000000000000005 0.000712411461938
0.014000000000000005 0.00090047139231
0.015000000000000006 0.00103120797994
0.016000000000000007 0.00111120145776
0.017000000000000008 0.00127938753398
0.01800000000000001 0.00147596380558
0.01900000000000001 0.00164045689944
0.02000000000000001 0.00187222624375
0.02100000000000001 0.00195395440373
0.022000000000000013 0.00220298452498
0.023000000000000013 0.00255615418021
0.024000000000000014 0.00280429330716
0.025000000000000015 0.00294126149844
0.026000000000000016 0.00324850849375
0.027000000000000017 0.00343976298975
0.028000000000000018 0.00378592047239
0.02900000000000002 0.0040644045635
0.03000000000000002 0.004194433854
0.03100000000000002 0.00464689671185
0.03200000000000002 0.00495819691776
0.03300000000000002 0.00544672897739
0.03400000000000002 0.00574433231071
0.035000000000000024 0.00616895612298
0.036000000000000025 0.00657838233351
0.037000000000000026 0.00704946031342
0.03800000000000003 0.0075264624656
0.03900000000000003 0.00790243169354
0.04000000000000003 0.008360244476
0.04100000000000003 0.00888896593479
0.04200000000000003 0.00919281997888
0.04300000000000003 0.0103561597569
0.04400000000000003 0.01062971796
0.04500000000000003 0.0108507452124
0.046000000000000034 0.0116418895135
0.047000000000000035 0.0122332926219
0.048000000000000036 0.012400751507
0.04900000000000004 0.0134257311908
0.05000000000000004 0.0141760927734
0.05100000000000004 0.0144876242942
0.05200000000000004 0.0157808105451
0.05300000000000004 0.0165212616167
0.05400000000000004 0.0168187560676
0.05500000000000004 0.0177880761135
0.05600000000000004 0.018501521871
0.057000000000000044 0.0196910398206
0.058000000000000045 0.0203692132198
0.059000000000000045 0.0217257512185
0.060000000000000046 0.0223232079938
0.06100000000000005 0.0227722851677
0.06200000000000005 0.0235383490594
0.06300000000000004 0.0245420619466
0.06400000000000004 0.025772704553
0.06500000000000004 0.0264957261099
0.06600000000000004 0.027760297558
0.06700000000000005 0.0289463673879
0.06800000000000005 0.0308908549664
0.06900000000000005 0.0316141669168
0.07000000000000005 0.0330110377734
0.07100000000000005 0.0338985484191
0.07200000000000005 0.0343592124188
0.07300000000000005 0.0361154174155
0.07400000000000005 0.0383638563528
0.07500000000000005 0.0395094733734
0.07600000000000005 0.0400099842096
0.07700000000000005 0.0424634082349
0.07800000000000006 0.0438789984525
0.07900000000000006 0.0459245726083
0.08000000000000006 0.046116247024
0.08100000000000006 0.0479448033355
0.08200000000000006 0.0495844315791
0.08300000000000006 0.0516077501702
0.08400000000000006 0.0514774449
0.08500000000000006 0.054884653684
0.08600000000000006 0.0575514421536
0.08700000000000006 0.0592778458178
0.08800000000000006 0.0612134789152
0.08900000000000007 0.0629189783125
0.09000000000000007 0.0651152052984
0.09100000000000007 0.066672557264
0.09200000000000007 0.0691668600108
0.09300000000000007 0.0726813420947
0.09400000000000007 0.0735581420144
0.09500000000000007 0.0782463323625
0.09600000000000007 0.0791788655866
0.09700000000000007 0.0810944267537
0.09800000000000007 0.0834709168392
0.09900000000000007 0.0883313676841
0.10000000000000007 0.0912413556938
0.10100000000000008 0.0908874410224
0.10200000000000008 0.0942944349308
0.10300000000000008 0.0993682819819
0.10400000000000008 0.101583701317
0.10500000000000008 0.104581554131
0.10600000000000008 0.107192116379
0.10700000000000008 0.112992310514
0.10800000000000008 0.113740497999
0.10900000000000008 0.114936630963
0.11000000000000008 0.120899963976
0.11100000000000008 0.125992805466
0.11200000000000009 0.12895950721
0.11300000000000009 0.130270373534
0.11400000000000009 0.13292392543
0.11500000000000009 0.139015830352
0.11600000000000009 0.148986361644
0.11700000000000009 0.148020359955
0.11800000000000009 0.156621059066
0.11900000000000009 0.154319182763
0.12000000000000009 0.160790284476
0.1210000000000001 0.166837415105
0.1220000000000001 0.174841908327
0.1230000000000001 0.176380500332
0.1240000000000001 0.184915033828
0.12500000000000008 0.193709531875
0.12600000000000008 0.188156323793
0.12700000000000009 0.192410361056
0.12800000000000009 0.207626619689
0.1290000000000001 0.208790516413
0.1300000000000001 0.215451360861
0.1310000000000001 0.220675368574
0.1320000000000001 0.227919017229
0.1330000000000001 0.234075291245
0.1340000000000001 0.242666426989
0.1350000000000001 0.24539810704
0.1360000000000001 0.259845041703
0.1370000000000001 0.263700596302
0.1380000000000001 0.270869888262
0.1390000000000001 0.271993960669
0.1400000000000001 0.295481411598
0.1410000000000001 0.298245079506
0.1420000000000001 0.304402699773
0.1430000000000001 0.320092850668
0.1440000000000001 0.339145872156
0.1450000000000001 0.332014442346
0.1460000000000001 0.347810859001
0.1470000000000001 0.339468811443
0.1480000000000001 0.371886516348
0.1490000000000001 0.391740277306
0.1500000000000001 0.38760389415
0.1510000000000001 0.410470362497
0.1520000000000001 0.410073483867
0.1530000000000001 0.441114670982
0.1540000000000001 0.443334748068
0.1550000000000001 0.459224576787
0.1560000000000001 0.494280463599
0.1570000000000001 0.504745261947
0.1580000000000001 0.532782220217
0.1590000000000001 0.530907134292
0.16000000000000011 0.546887527936
0.16100000000000012 0.564498341164
0.16200000000000012 0.625330883286
0.16300000000000012 0.631002877899
0.16400000000000012 0.669826374056
0.16500000000000012 0.699110668754
0.16600000000000012 0.749292182879
0.16700000000000012 0.787848736029
0.16800000000000012 0.823667800881
0.16900000000000012 0.867396670614
0.17000000000000012 0.898034375976
0.17100000000000012 0.937399644151
0.17200000000000013 0.994835424456
0.17300000000000013 1.03268288375
0.17400000000000013 1.0755762211
0.17500000000000013 1.1157676205
0.17600000000000013 1.22108918218
0.17700000000000013 1.23941798811
0.17800000000000013 1.30015830846
0.17900000000000013 1.3288653856
0.18000000000000013 1.40693657484
0.18100000000000013 1.40395435012
0.18200000000000013 1.46946931442
0.18300000000000013 1.49169164486
0.18400000000000014 1.55344244824
0.18500000000000014 1.57419219432
0.18600000000000014 1.52796874805
0.18700000000000014 1.57491399772
0.18800000000000014 1.5194550303
0.18900000000000014 1.53610076925
0.19000000000000014 1.57729870769
0.19100000000000014 1.51677474087
0.19200000000000014 1.49587547618
0.19300000000000014 1.48449109658
0.19400000000000014 1.46806754901
0.19500000000000015 1.36467782375
0.19600000000000015 1.38083085431
0.19700000000000015 1.31416627937
0.19800000000000015 1.27795552671
0.19900000000000015 1.22767087699
0.20000000000000015 1.27520262378
0.20100000000000015 1.19729930695
0.20200000000000015 1.12594854153
0.20300000000000015 1.11860467407
0.20400000000000015 1.05427365282
0.20500000000000015 1.0344376844
0.20600000000000016 1.07064462003
0.20700000000000016 0.997277368122
0.20800000000000016 0.985191433631
0.20900000000000016 0.976249414543
0.21000000000000016 0.970814448718
0.21100000000000016 0.889268844544
0.21200000000000016 0.911855612324
0.21300000000000016 0.898103734457
0.21400000000000016 0.8474760204
0.21500000000000016 0.864518591127
0.21600000000000016 0.792354870576
0.21700000000000016 0.792257626075
0.21800000000000017 0.784626110735
0.21900000000000017 0.771987749906
0.22000000000000017 0.773204926439
0.22100000000000017 0.744791210235
0.22200000000000017 0.744243849151
0.22300000000000017 0.725626079671
0.22400000000000017 0.684913859697
0.22500000000000017 0.682403739746
0.22600000000000017 0.670037414593
0.22700000000000017 0.680289817488
0.22800000000000017 0.639842131972
0.22900000000000018 0.64589839311
0.23000000000000018 0.62346609975
0.23100000000000018 0.607452246838
0.23200000000000018 0.61681126193
0.23300000000000018 0.615175121494
0.23400000000000018 0.582679500609
0.23500000000000018 0.602928580303
0.23600000000000018 0.578440027046
0.23700000000000018 0.568709861057
0.23800000000000018 0.554439334754
0.23900000000000018 0.555287548918
0.24000000000000019 0.549244857024
0.2410000000000002 0.53106889112
0.2420000000000002 0.528052657773
0.2430000000000002 0.510796869921
0.2440000000000002 0.506150441808
0.2450000000000002 0.506077371147
0.2460000000000002 0.486716609382
0.2470000000000002 0.485173627096
0.2480000000000002 0.491035857191
0.2490000000000002 0.485355412267
0.25000000000000017 0.484470982461
0.25100000000000017 0.468807901373
0.25200000000000017 0.445934612171
0.25300000000000017 0.449448216209
0.25400000000000017 0.427383899706
0.25500000000000017 0.424769956349
0.25600000000000017 0.421479865344
0.2570000000000002 0.424739413812
0.2580000000000002 0.421744248398
0.2590000000000002 0.404064080525
0.2600000000000002 0.407666004044
0.2610000000000002 0.3927791721
0.2620000000000002 0.403957811935
0.2630000000000002 0.382887842303
0.2640000000000002 0.386414639123
0.2650000000000002 0.366779084912
0.2660000000000002 0.368855467939
0.2670000000000002 0.373411650071
0.2680000000000002 0.375881275948
0.2690000000000002 0.354909510282
0.2700000000000002 0.343643473979
0.2710000000000002 0.348779113896
0.2720000000000002 0.348003133311
0.2730000000000002 0.351327651794
0.2740000000000002 0.347464110848
0.2750000000000002 0.332918151998
0.2760000000000002 0.330118454907
0.2770000000000002 0.322456260011
0.2780000000000002 0.312865623632
0.2790000000000002 0.31528956814
0.2800000000000002 0.302937286204
0.2810000000000002 0.303585484337
0.2820000000000002 0.306337442143
0.2830000000000002 0.296025506205
0.2840000000000002 0.305095069378
0.2850000000000002 0.298149601363
0.2860000000000002 0.28635467587
0.2870000000000002 0.287805175097
0.2880000000000002 0.286145225994
0.2890000000000002 0.275362865265
0.2900000000000002 0.273404850374
0.2910000000000002 0.280590651007
0.2920000000000002 0.267439232448
0.2930000000000002 0.272684427729
0.2940000000000002 0.265277722598
0.2950000000000002 0.255527624227
0.2960000000000002 0.262799847944
0.2970000000000002 0.247467349512
0.2980000000000002 0.252847435653
0.2990000000000002 0.245130159657
0.3000000000000002 0.244960951444
0.3010000000000002 0.245944420854
0.3020000000000002 0.237915474399
0.3030000000000002 0.238085348927
0.3040000000000002 0.235905427405
0.3050000000000002 0.224468265387
0.3060000000000002 0.220026527316
0.3070000000000002 0.221492562154
0.3080000000000002 0.218147003989
0.3090000000000002 0.210304993978
0.3100000000000002 0.211610360586
0.3110000000000002 0.213123949188
0.3120000000000002 0.211682517752
0.3130000000000002 0.204170880696
0.3140000000000002 0.202150845827
0.3150000000000002 0.201176918256
0.3160000000000002 0.201845402907
0.3170000000000002 0.188480076991
0.3180000000000002 0.193876177636
0.31900000000000023 0.199524011542
0.32000000000000023 0.185651655104
0.32100000000000023 0.186953174514
0.32200000000000023 0.182538916358
0.32300000000000023 0.189011008871
0.32400000000000023 0.181633041169
0.32500000000000023 0.175450051623
0.32600000000000023 0.178801577246
0.32700000000000023 0.176570550426
0.32800000000000024 0.168371453528
0.32900000000000024 0.166106099492
0.33000000000000024 0.166569502652
0.33100000000000024 0.164217914576
0.33200000000000024 0.163378630083
0.33300000000000024 0.15940054202
0.33400000000000024 0.161608114918
0.33500000000000024 0.162405679288
0.33600000000000024 0.158931938844
0.33700000000000024 0.158991616521
0.33800000000000024 0.157021273166
0.33900000000000025 0.152100584887
0.34000000000000025 0.148679741975
0.34100000000000025 0.147938036835
0.34200000000000025 0.145866043007
0.34300000000000025 0.141848602154
0.34400000000000025 0.144390660677
0.34500000000000025 0.137316916658
0.34600000000000025 0.132490772773
0.34700000000000025 0.135678046551
0.34800000000000025 0.139973212348
0.34900000000000025 0.135488270446
0.35000000000000026 0.134508187373
0.35100000000000026 0.129060833726
0.35200000000000026 0.130781078095
0.35300000000000026 0.131156143696
0.35400000000000026 0.126973767691
0.35500000000000026 0.124639181762
0.35600000000000026 0.121530838101
0.35700000000000026 0.120190442985
0.35800000000000026 0.123803545437
0.35900000000000026 0.119544818393
0.36000000000000026 0.117385123536
0.36100000000000027 0.11624134714
0.36200000000000027 0.117809520402
0.36300000000000027 0.112817623267
0.36400000000000027 0.10907351479
0.36500000000000027 0.111922109007
0.36600000000000027 0.109202739606
0.36700000000000027 0.107470307437
0.36800000000000027 0.106931264384
0.36900000000000027 0.107190683645
0.3700000000000003 0.103404848125
0.3710000000000003 0.103287653456
0.3720000000000003 0.103288652061
0.3730000000000003 0.102609809217
0.3740000000000003 0.10176180946
0.3750000000000003 0.099936769834
0.3760000000000003 0.098801062846
0.3770000000000003 0.0960786027055
0.3780000000000003 0.0938385779795
0.3790000000000003 0.0939161127353
0.3800000000000003 0.0928599208878
0.3810000000000003 0.0929082309574
0.3820000000000003 0.089819971426
0.3830000000000003 0.089967928151
0.3840000000000003 0.088203696169
0.3850000000000003 0.0876849792027
0.3860000000000003 0.0863270001963
0.3870000000000003 0.0880768649228
0.3880000000000003 0.0872252052672
0.3890000000000003 0.0834756107471
0.3900000000000003 0.0868860518394
0.3910000000000003 0.0802127312761
0.3920000000000003 0.080654754551
0.3930000000000003 0.0785908933136
0.3940000000000003 0.0785565684017
0.3950000000000003 0.0761973671699
0.3960000000000003 0.0778035251872
0.3970000000000003 0.077195154501
0.3980000000000003 0.0722530120499
0.3990000000000003 0.0757390191491
0.4000000000000003 0.0741641084
0.4010000000000003 0.0731322401277
0.4020000000000003 0.0727259385774
0.4030000000000003 0.070276584585
0.4040000000000003 0.071729514714
0.4050000000000003 0.068327638371
0.4060000000000003 0.0676912673149
0.4070000000000003 0.0646950613458
0.4080000000000003 0.0648980861818
0.4090000000000003 0.0640985009549
0.4100000000000003 0.0637167373624
0.4110000000000003 0.0630834731248
0.4120000000000003 0.0641636299436
0.4130000000000003 0.0649753258037
0.4140000000000003 0.060320375415
0.4150000000000003 0.0638794886449
0.4160000000000003 0.060069465456
0.4170000000000003 0.0588783789386
0.4180000000000003 0.0580418685969
0.4190000000000003 0.0573856130974
0.4200000000000003 0.0576936017438
0.4210000000000003 0.0563669693269
0.4220000000000003 0.0550551026798
0.4230000000000003 0.0559088334809
0.4240000000000003 0.054265823804
0.4250000000000003 0.0554683162777
0.4260000000000003 0.05403462316
0.4270000000000003 0.0528496987621
0.4280000000000003 0.054885509479
0.4290000000000003 0.0533362061755
0.4300000000000003 0.050687859189
0.4310000000000003 0.0507802952352
0.43200000000000033 0.0511025216198
0.43300000000000033 0.0514437174165
0.43400000000000033 0.0479925624499
0.43500000000000033 0.0503526673619
0.43600000000000033 0.0480124473948
0.43700000000000033 0.0479185258451
0.43800000000000033 0.047463212781
0.43900000000000033 0.0441136334589
0.44000000000000034 0.046956420511
0.44100000000000034 0.0448200324295
0.44200000000000034 0.0435699894126
0.44300000000000034 0.0460173818802
0.44400000000000034 0.0435263967
0.44500000000000034 0.0428148738609
0.44600000000000034 0.0439480828191
0.44700000000000034 0.0459622061344
0.44800000000000034 0.0414635517542
0.44900000000000034 0.0407380270185
0.45000000000000034 0.0409766034938
0.45100000000000035 0.0408850756573
0.45200000000000035 0.0400520083478
0.45300000000000035 0.0379070312919
0.45400000000000035 0.0374201113014
0.45500000000000035 0.0373772768688
0.45600000000000035 0.038452015719
0.45700000000000035 0.0382400993097
0.45800000000000035 0.034523611486
0.45900000000000035 0.0389256190734
0.46000000000000035 0.037228890775
0.46100000000000035 0.0358533913007
0.46200000000000035 0.0344786817427
0.46300000000000036 0.0326724614863
0.46400000000000036 0.0333052253502
0.46500000000000036 0.0331469546484
0.46600000000000036 0.0332631004854
0.46700000000000036 0.0327770013192
0.46800000000000036 0.0337912788412
0.46900000000000036 0.0331541628291
0.47000000000000036 0.0310101629
0.47100000000000036 0.0327101537462
0.47200000000000036 0.031410368375
0.47300000000000036 0.0313952753153
0.47400000000000037 0.03043589386
0.47500000000000037 0.0304122960875
0.47600000000000037 0.030344394152
0.47700000000000037 0.0301450008025
0.47800000000000037 0.0297571208317
0.47900000000000037 0.0275282794124
0.48000000000000037 0.027729031104
0.48100000000000037 0.0275350540318
0.4820000000000004 0.0277715810154
0.4830000000000004 0.0271018058658
0.4840000000000004 0.0261069807043
0.4850000000000004 0.0252207702512
0.4860000000000004 0.025209044224
0.4870000000000004 0.0260506998806
0.4880000000000004 0.025650475356
0.4890000000000004 0.0247082771321
0.4900000000000004 0.0254692503678
0.4910000000000004 0.0257647445949
0.4920000000000004 0.0244169660272
0.4930000000000004 0.0246904972385
0.4940000000000004 0.0232634904994
0.4950000000000004 0.0234194282438
0.4960000000000004 0.023351914985
0.4970000000000004 0.023495862734
0.4980000000000004 0.0226499249205
0.4990000000000004 0.0217961118936
0.5000000000000003 0.0222669985938
0.5010000000000003 0.0215541185126
0.5020000000000003 0.0218963086174
0.5030000000000003 0.0210336462527
0.5040000000000003 0.0215659252192
0.5050000000000003 0.0201882531871
0.5060000000000003 0.0194122000168
0.5070000000000003 0.0207202771231
0.5080000000000003 0.0189294252056
0.5090000000000003 0.0198106285031
0.5100000000000003 0.0192629741378
0.5110000000000003 0.0195810719453
0.5120000000000003 0.0192978347622
0.5130000000000003 0.0182518871379
0.5140000000000003 0.0186788934903
0.5150000000000003 0.0187400623349
0.5160000000000003 0.019261251256
0.5170000000000003 0.0174458133715
0.5180000000000003 0.0179638609723
0.5190000000000003 0.0161821568569
0.5200000000000004 0.017191511311
0.5210000000000004 0.0174791038938
0.5220000000000004 0.0163250053785
0.5230000000000004 0.018368339266
0.5240000000000004 0.0166935830972
0.5250000000000004 0.0152354137359
0.5260000000000004 0.015959965832
0.5270000000000004 0.0178203283605
0.5280000000000004 0.0151496506814
0.5290000000000004 0.0157793509167
0.5300000000000004 0.0158657930978
0.5310000000000004 0.0153709683975
0.5320000000000004 0.0145286830831
0.5330000000000004 0.0151512957323
0.5340000000000004 0.0150510690604
0.5350000000000004 0.0131171119655
0.5360000000000004 0.014690878087
0.5370000000000004 0.0154087603315
0.5380000000000004 0.0129223945339
0.5390000000000004 0.0142402928181
0.5400000000000004 0.0140039731778
0.5410000000000004 0.0133224935735
0.5420000000000004 0.0147285741898
0.5430000000000004 0.0115227429631
0.5440000000000004 0.0130551212006
0.5450000000000004 0.0122406584761
0.5460000000000004 0.0120246532599
0.5470000000000004 0.0123806009969
0.5480000000000004 0.0120817824794
0.5490000000000004 0.0128153625533
0.5500000000000004 0.0118448486234
0.5510000000000004 0.01123740677
0.5520000000000004 0.0108886947548
0.5530000000000004 0.0118944362767
0.5540000000000004 0.0111380965417
0.5550000000000004 0.0113253861938
0.5560000000000004 0.010453940823
0.5570000000000004 0.009982571824
0.5580000000000004 0.0110377321734
0.5590000000000004 0.0102469892499
0.5600000000000004 0.0108481639
0.5610000000000004 0.009642736719
0.5620000000000004 0.00957496799239
0.5630000000000004 0.00988988923536
0.5640000000000004 0.0112297741024
0.5650000000000004 0.0101703480894
0.5660000000000004 0.00945490188944
0.5670000000000004 0.00940578357994
0.5680000000000004 0.00980749355484
0.5690000000000004 0.00882577666176
0.5700000000000004 0.010072172916
0.5710000000000004 0.00866218209479
0.5720000000000004 0.008481918016
0.5730000000000004 0.00907874809717
0.5740000000000004 0.00835714556096
0.5750000000000004 0.0087033725
0.5760000000000004 0.00793988054784
0.5770000000000004 0.00815424667797
0.5780000000000004 0.00926945102428
0.5790000000000004 0.00846521051039
0.5800000000000004 0.008270380544
0.5810000000000004 0.00798096822544
0.5820000000000004 0.0075539260528
0.5830000000000004 0.00836372488559
0.5840000000000004 0.007542794496
0.5850000000000004 0.00670761
0.5860000000000004 0.00795840490364
0.5870000000000004 0.00699058486079
0.5880000000000004 0.00655572783159
0.5890000000000004 0.00720750580444
0.5900000000000004 0.00723237775494
0.5910000000000004 0.00701914748319
0.5920000000000004 0.00687580381424
0.5930000000000004 0.00649958473084
0.5940000000000004 0.00698896137456
0.5950000000000004 0.00746499858694
0.5960000000000004 0.00696506111936
0.5970000000000004 0.00671708360304
0.5980000000000004 0.00746373546204
0.5990000000000004 0.00586095132057
0.6000000000000004 0.0065099079
0.6010000000000004 0.00740025357991
0.6020000000000004 0.00560490764764
0.6030000000000004 0.00621922651344
0.6040000000000004 0.00691337629296
0.6050000000000004 0.005620914156
0.6060000000000004 0.00571748259456
0.6070000000000004 0.00530445869924
0.6080000000000004 0.00535784324544
0.6090000000000004 0.00620905766957
0.6100000000000004 0.00615014112694
0.6110000000000004 0.00508434992932
0.6120000000000004 0.00458859847104
0.6130000000000004 0.00460175735856
0.6140000000000004 0.005020738479
0.6150000000000004 0.0052210179
0.6160000000000004 0.00442474534656
0.6170000000000004 0.00503287608316
0.6180000000000004 0.00475351776576
0.6190000000000004 0.004992970991
0.6200000000000004 0.004894791996
0.6210000000000004 0.00438738342623
0.6220000000000004 0.00466240098544
0.6230000000000004 0.00475503047964
0.6240000000000004 0.00431919124416
0.6250000000000004 0.00451683984375
0.6260000000000004 0.00525703221504
0.6270000000000004 0.00485463601359
0.6280000000000004 0.00487013364464
0.6290000000000004 0.00403661409624
0.6300000000000004 0.004045962879
0.6310000000000004 0.00406203454039
0.6320000000000005 0.00391515005376
0.6330000000000005 0.00447662172159
0.6340000000000005 0.003585045564
0.6350000000000005 0.00395240741775
0.6360000000000005 0.00392521300416
0.6370000000000005 0.00330002189244
0.6380000000000005 0.00406962184156
0.6390000000000005 0.00408238927479
0.6400000000000005 0.0034520064
0.6410000000000005 0.00418848393471
0.6420000000000005 0.004483932156
0.6430000000000005 0.00393257804636
0.6440000000000005 0.00361900292544
0.6450000000000005 0.00383305049775
0.6460000000000005 0.003891010305
0.6470000000000005 0.00385685820759
0.6480000000000005 0.00300491464284
0.6490000000000005 0.00326230283324
0.6500000000000005 0.002478042775
0.6510000000000005 0.00361334427804
0.6520000000000005 0.002745215356
0.6530000000000005 0.002963968959
0.6540000000000005 0.002973053916
0.6550000000000005 0.003151291591
0.6560000000000005 0.002991265536
0.6570000000000005 0.00342693047484
0.6580000000000005 0.00292413494464
0.6590000000000005 0.00395862765616
0.6600000000000005 0.002511826416
0.6610000000000005 0.00282152658775
0.6620000000000005 0.00274568192636
0.6630000000000005 0.00249126170319
0.6640000000000005 0.002847196144
0.6650000000000005 0.00311750493775
0.6660000000000005 0.002645367984
0.6670000000000005 0.00260935851391
0.6680000000000005 0.00288511007775
0.6690000000000005 0.002758766004
0.6700000000000005 0.002500750076
0.6710000000000005 0.00272971663239
0.6720000000000005 0.00238071020544
0.6730000000000005 0.00207388942236
0.6740000000000005 0.00217005828096
0.6750000000000005 0.00249215484375
0.6760000000000005 0.00245434497984
0.6770000000000005 0.00260109470447
0.6780000000000005 0.002514356559
0.6790000000000005 0.00265852838076
0.6800000000000005 0.00230044
0.6810000000000005 0.00253665672975
0.6820000000000005 0.00189918966556
0.6830000000000005 0.00222839929344
0.6840000000000005 0.001863938304
0.6850000000000005 0.002055505804
0.6860000000000005 0.00220140573436
0.6870000000000005 0.001880324496
0.6880000000000005 0.00202662706944
0.6890000000000005 0.00170284321584
0.6900000000000005 0.001849548519
0.6910000000000005 0.00166533435775
0.6920000000000005 0.00181276840384
0.6930000000000005 0.00215139545775
0.6940000000000005 0.00230075590656
0.6950000000000005 0.00197228284975
0.6960000000000005 0.001689521904
0.6970000000000005 0.00232069016064
0.6980000000000005 0.00213426533056
0.6990000000000005 0.00228563150391
0.7000000000000005 0.0013681584
0.7010000000000005 0.00151862073639
0.7020000000000005 0.001473976764
0.7030000000000005 0.00177274745136
0.7040000000000005 0.00207284453376
0.7050000000000005 0.00193083774975
0.7060000000000005 0.00134214360156
0.7070000000000005 0.00174334834975
0.7080000000000005 0.001499280624
0.7090000000000005 0.00205334632199
0.7100000000000005 0.0015077631
0.7110000000000005 0.00186350711751
0.7120000000000005 0.00156665466816
0.7130000000000005 0.00182353993776
0.7140000000000005 0.00106832339964
0.7150000000000005 0.000816651264
0.7160000000000005 0.00112536194496
0.7170000000000005 0.00158873550471
0.7180000000000005 0.0015967837154
0.7190000000000005 0.00139202605431
0.7200000000000005 0.001086353856
0.7210000000000005 0.001037602636
0.7220000000000005 0.001299951975
0.7230000000000005 0.00114747379164
0.7240000000000005 0.00099404212464
0.7250000000000005 0.001153830975
0.7260000000000005 0.00152408769084
0.7270000000000005 0.00126542527296
0.7280000000000005 0.00121615958464
0.7290000000000005 0.001060756236
0.7300000000000005 0.001328919375
0.7310000000000005 0.00074705805244
0.7320000000000005 0.00128289125376
0.7330000000000005 0.00117943532124
0.7340000000000005 0.00112901168604
0.7350000000000005 0.00145466925975
0.7360000000000005 0.00097329770496
0.7370000000000005 0.00103006025991
0.7380000000000005 0.00124980003324
0.7390000000000005 0.00092682741031
0.7400000000000005 0.001311085824
0.7410000000000005 0.00125998166151
0.7420000000000005 0.00104408406396
0.7430000000000005 0.00066166384944
0.7440000000000005 0.00143545169664
0.7450000000000006 0.0011078299
0.7460000000000006 0.00066701781696
0.7470000000000006 0.00089138589696
0.7480000000000006 0.00117249098736
0.7490000000000006 0.00123148695516
0.7500000000000006 0.000505794375
0.7510000000000006 0.00078849595804
0.7520000000000006 0.00050849554176
0.7530000000000006 0.00073615345479
0.7540000000000006 0.00062467969564
0.7550000000000006 0.000683209164
0.7560000000000006 0.00074203090416
0.7570000000000006 0.00102963152124
0.7580000000000006 0.001146829744
0.7590000000000006 0.00063299204199
0.7600000000000006 0.0005770224
0.7610000000000006 0.00075187858551
0.7620000000000006 0.000580063356
0.7630000000000006 0.00069776447664
0.7640000000000006 0.00081603035584
0.7650000000000006 0.000467805456
0.7660000000000006 0.00064472162524
0.7670000000000006 0.00070509966384
0.7680000000000006 0.00100099620864
0.7690000000000006 0.00094466371584
0.7700000000000006 0.000651472591
0.7710000000000006 0.00023768128944
0.7720000000000006 0.000595388016
0.7730000000000006 0.00107361620604
0.7740000000000006 0.00071802853056
0.7750000000000006 0.00054007599375
0.7760000000000006 0.00042122813376
0.7770000000000006 0.00102459452319
0.7780000000000006 0.00078584627004
0.7790000000000006 0.00042449134791
0.7800000000000006 0.0006077916
0.7810000000000006 0.00091356908775
0.7820000000000006 0.00042776715324
0.7830000000000006 0.00055128349791
0.7840000000000006 0.00049133142016
0.7850000000000006 0.000615608775
0.7860000000000006 0.00055551598524
0.7870000000000006 0.00055693041111
0.7880000000000006 0.00043435653744
0.7890000000000006 0.00043545966471
0.7900000000000006 0.000561184479
0.7910000000000006 0.00074991621936
0.7920000000000006 0.000313475184
0.7930000000000006 0.00043988616399
0.7940000000000006 0.00069271677244
0.7950000000000006 0.00031585449375
0.7960000000000006 0.00037994149824
0.7970000000000006 0.00057117358071
0.7980000000000006 0.00069971386716
0.7990000000000006 0.00070146863479
0.8000000000000006 0.0005115904
0.8010000000000006 0.00057692120319
0.8020000000000006 0.00051415154944
0.8030000000000006 0.00051543452224
0.8040000000000006 0.00038761689024
0.8050000000000006 0.000129579079
0.8060000000000006 0.000648986364
0.8070000000000006 0.00026039540016
0.8080000000000006 0.00052187336704
0.8090000000000006 0.00026168768304
0.8100000000000006 0.000262335024
0.8110000000000006 0.00039439582044
0.8120000000000006 0.00046121772144
0.8130000000000006 0.00026428184496
0.8140000000000006 0.00026493238464
0.8150000000000006 0.000398295879
0.8160000000000006 0.00046577293056
0.8170000000000006 0.00046691523039
0.8180000000000006 0.00046805892924
0.8190000000000006 0.00026819707824
0.8200000000000006 0.0003360319
0.8210000000000006 0.0
0.8220000000000006 0.00060756829596
0.8230000000000006 0.00027082322736
0.8240000000000006 0.000339318256
0.8250000000000006 0.00047610399375
0.8260000000000006 0.00040911998064
0.8270000000000006 0.00027346217136
0.8280000000000006 0.00013708937664
0.8290000000000006 0.00054935296576
0.8300000000000006 0.000206607999
0.8310000000000006 0.00034510785975
0.8320000000000006 0.000345938944
0.8330000000000006 0.00013875004444
0.8340000000000006 0.00020860419996
0.8350000000000006 0.00020910474975
0.8360000000000006 0.000349273276
0.8370000000000006 0.00014008577724
0.8380000000000006 0.00028078524096
0.8390000000000006 0.00014075604316
0.8400000000000006 0.000423105984
0.8410000000000006 0.00021212064471
0.8420000000000006 0.00021262539324
0.8430000000000006 0.00028414589616
0.8440000000000006 0.00028482042624
0.8450000000000006 0.000142776439
0.8460000000000006 0.00021465038556
0.8470000000000006 0.00043018713276
0.8480000000000006 0.00014379203584
0.8490000000000006 0.00057617948736
0.8500000000000006 7.2242775e-05
0.8510000000000006 0.00043425988764
0.8520000000000006 0.00029024545536
0.8530000000000006 0.00021821721519
0.8540000000000006 0.000364475671
0.8550000000000006 7.309518975e-05
0.8560000000000006 0.00029297716224
0.8570000000000007 0.00029366208816
0.8580000000000007 0.00014720335344
0.8590000000000007 0.00029503433904
0.8600000000000007 0.000517357596
0.8610000000000007 0.00014823454716
0.8620000000000007 0.00022284632604
0.8630000000000007 0.00037219830775
0.8640000000000007 0.00022388161536
0.8650000000000007 0.00022440015975
0.8660000000000007 0.0
0.8670000000000007 0.00015030773244
0.8680000000000007 0.00015065466304
0.8690000000000007 0.00015100199356
0.8700000000000007 0.0
0.8710000000000007 0.00037913083975
0.8720000000000007 7.603079616e-05
0.8730000000000007 0.00022857010839
0.8740000000000007 0.00015274464496
0.8750000000000007 0.00038262109375
0.8760000000000007 7.672992624e-05
0.8770000000000007 0.00030752853936
0.8780000000000007 7.708069116e-05
0.8790000000000007 0.00015449729436
0.8800000000000007 0.000309636096
0.8810000000000007 0.00015520115356
0.8820000000000007 0.00015555368304
0.8830000000000007 0.00015590661244
0.8840000000000007 0.00023436646896
0.8850000000000007 0.0
0.8860000000000007 0.00031387280064
0.8870000000000007 0.00039318780775
0.8880000000000007 7.884651456e-05
0.8890000000000007 7.902419679e-05
0.8900000000000007 0.000316713264
0.8910000000000007 0.00015874444476
0.8920000000000007 0.00015910097344
0.8930000000000007 0.0
0.8940000000000007 0.00015981523056
0.8950000000000007 0.000160172959
0.8960000000000007 0.00016053108736
0.8970000000000007 8.045285391e-05
0.8980000000000007 0.00024184862364
0.8990000000000007 8.081201799e-05
0.9000000000000007 0.0
0.9010000000000007 0.0
0.9020000000000007 0.0
0.9030000000000007 0.0
0.9040000000000007 8.171342784e-05
0.9050000000000007 0.00024563378775
0.9060000000000007 0.0
0.9070000000000007 0.00016449689404
0.9080000000000007 8.243815536e-05
0.9090000000000007 0.00041293392975
0.9100000000000007 8.2801719e-05
0.9110000000000007 8.298380079e-05
0.9120000000000007 8.316608256e-05
0.9130000000000007 8.334856431e-05
0.9140000000000007 8.353124604e-05
0.9150000000000007 0.0
0.9160000000000007 0.0
0.9170000000000007 0.00016814416444
0.9180000000000007 0.00016851109104
0.9190000000000007 8.444765439e-05
0.9200000000000007 0.0
0.9210000000000007 8.481561759e-05
0.9220000000000007 0.00016998279664
0.9230000000000007 0.0
0.9240000000000007 8.536906224e-05
0.9250000000000007 0.00025661049375
0.9260000000000007 0.00025716562716
0.9270000000000007 8.592430671e-05
0.9280000000000007 0.0
0.9290000000000007 0.00025883462631
0.9300000000000007 8.6481351e-05
0.9310000000000007 0.00017331752956
0.9320000000000007 8.685371376e-05
0.9330000000000007 0.0
0.9340000000000007 8.722687644e-05
0.9350000000000007 0.00026218881975
0.9360000000000007 0.0
0.9370000000000007 0.0
0.9380000000000007 8.797560156e-05
0.9390000000000007 8.816328279e-05
0.9400000000000007 0.0
0.9410000000000007 0.00017706078076
0.9420000000000007 0.0
0.9430000000000007 0.0
0.9440000000000007 8.910468864e-05
0.9450000000000007 8.929356975e-05
0.9460000000000007 0.0
0.9470000000000007 8.967193191e-05
0.9480000000000007 0.0
0.9490000000000007 0.00018008417596
0.9500000000000007 0.0
0.9510000000000007 0.0
0.9520000000000007 0.0
0.9530000000000007 0.0
0.9540000000000007 0.0
0.9550000000000007 0.0
0.9560000000000007 0.0
0.9570000000000007 0.00018313316604
0.9580000000000007 0.0
0.9590000000000007 0.0
0.9600000000000007 0.0
0.9610000000000007 0.0
0.9620000000000007 0.0
0.9630000000000007 0.0
0.9640000000000007 0.0
0.9650000000000007 0.0
0.9660000000000007 0.0
0.9670000000000007 0.0
0.9680000000000007 0.0
0.9690000000000007 0.0
0.9700000000000008 0.0
0.9710000000000008 0.0
0.9720000000000008 9.446895216e-05
0.9730000000000008 0.00018930793084
0.9740000000000008 9.485811324e-05
0.9750000000000008 0.0
0.9760000000000008 0.0
0.9770000000000008 0.0
0.9780000000000008 0.0
0.9790000000000008 0.0
0.9800000000000008 9.6030396e-05
0.9810000000000008 0.0
0.9820000000000008 0.0
0.9830000000000008 0.0
0.9840000000000008 0.00019361246976
0.9850000000000008 0.0
0.9860000000000008 9.720987804e-05
0.9870000000000008 0.0
0.9880000000000008 0.0
0.9890000000000008 9.780231879e-05
0.9900000000000008 0.0
0.9910000000000008 9.819827919e-05
0.9920000000000008 0.0
0.9930000000000008 0.0
0.9940000000000008 0.0
0.9950000000000008 9.899259975e-05
0.9960000000000008 0.0
0.9970000000000008 0.0
0.9980000000000008 0.0
0.9990000000000008 0.0
1.0000000000000007 0.0
