0.0 0.046875
0.001 -1.640625e-05
0.002 6.171875e-05
0.003 -7.8125e-06
0.004 -6.953125e-05
0.005 -3.203125e-05
0.006 2.5e-05
0.007 -4.84375e-05
0.008 -2.5e-05
0.009000000000000001 -0.00016015625
0.010000000000000002 -5.234375e-05
0.011000000000000003 3.75e-05
0.012000000000000004 -0.0001625
0.013000000000000005 -2.1875e-05
0.014000000000000005 7.03125e-05
0.015000000000000006 0.0002125
0.016000000000000007 1.25e-05
0.017000000000000008 0.00028984375
0.01800000000000001 -9.453125e-05
0.01900000000000001 -8.203125e-05
0.02000000000000001 0.0001046875
0.02100000000000001 0.0001015625
0.022000000000000013 -1.5625e-06
0.023000000000000013 -0.0001921875
0.024000000000000014 -0.0001078125
0.025000000000000015 -7.8125e-06
0.026000000000000016 -0.000146875
0.027000000000000017 7.265625e-05
0.028000000000000018 4.53125e-05
0.02900000000000002 -0.0001546875
0.03000000000000002 -2.1875e-05
0.03100000000000002 1.328125e-05
0.03200000000000002 5.9375e-05
0.03300000000000002 6.875e-05
0.03400000000000002 -8.28125e-05
0.035000000000000024 0.00025390625
0.036000000000000025 1.5625e-06
0.037000000000000026 8.046875e-05
0.03800000000000003 0.00023046875
0.03900000000000003 -0.0001078125
0.04000000000000003 8.046875e-05
0.04100000000000003 0.0003578125
0.04200000000000003 -0.0003046875
0.04300000000000003 1.5625e-05
0.04400000000000003 0.00049765625
0.04500000000000003 0.00015625
0.046000000000000034 -0.0004984375
0.047000000000000035 -0.000225
0.048000000000000036 -0.00072109375
0.04900000000000004 0.00010703125
0.05000000000000004 -0.0001
0.05100000000000004 -0.00026875
0.05200000000000004 -0.00011015625
0.05300000000000004 -3.125e-05
0.05400000000000004 -3.125e-05
0.05500000000000004 -0.00029453125
0.05600000000000004 0.00016640625
0.057000000000000044 -0.0009109375
0.058000000000000045 -0.00057734375
0.059000000000000045 0.00033359375
0.060000000000000046 -4.140625e-05
0.06100000000000005 0.0012640625
0.06200000000000005 -0.0006015625
0.06300000000000004 -0.000153125
0.06400000000000004 0.00024375
0.06500000000000004 -0.0001125
0.06600000000000004 -0.00056953125
0.06700000000000005 0.0002
0.06800000000000005 8.90625e-05
0.06900000000000005 0.00035859375
0.07000000000000005 -0.0009609375
0.07100000000000005 0.0002484375
0.07200000000000005 0.0008015625
0.07300000000000005 -0.000315625
0.07400000000000005 0.0006203125
0.07500000000000005 -0.00083046875
0.07600000000000005 -0.00055703125
0.07700000000000005 0.00020234375
0.07800000000000006 0.00031015625
0.07900000000000006 0.00134140625
0.08000000000000006 -0.00019921875
0.08100000000000006 -0.00119296875
0.08200000000000006 -0.00039296875
0.08300000000000006 -0.0001
0.08400000000000006 -0.00081171875
0.08500000000000006 0.0003125
0.08600000000000006 0.00020390625
0.08700000000000006 0.0003765625
0.08800000000000006 0.00062265625
0.08900000000000007 -0.00021796875
0.09000000000000007 -0.0024421875
0.09100000000000007 -0.000453125
0.09200000000000007 -0.00017734375
0.09300000000000007 -0.0005015625
0.09400000000000007 0.00080078125
0.09500000000000007 0.0003078125
0.09600000000000007 -0.0015015625
0.09700000000000007 0.00084140625
0.09800000000000007 0.00227890625
0.09900000000000007 -0.0006203125
0.10000000000000007 0.00136796875
0.10100000000000008 -0.0006
0.10200000000000008 7.8125e-07
0.10300000000000008 -0.0004890625
0.10400000000000008 -0.00043984375
0.10500000000000008 0.00038203125
0.10600000000000008 0.00203828125
0.10700000000000008 0.000796875
0.10800000000000008 0.00125390625
0.10900000000000008 -0.00075234375
0.11000000000000008 0.0019125
0.11100000000000008 0.0020984375
0.11200000000000009 0.0017890625
0.11300000000000009 -0.0021796875
0.11400000000000009 0.0021609375
0.11500000000000009 -0.00048828125
0.11600000000000009 0.0024609375
0.11700000000000009 0.0020234375
0.11800000000000009 -0.0039375
0.11900000000000009 -3.59375e-05
0.12000000000000009 -0.00012421875
0.1210000000000001 0.00014375
0.1220000000000001 7.5e-05
0.1230000000000001 0.00076953125
0.1240000000000001 0.00134296875
0.12500000000000008 -0.00254296875
0.12600000000000008 -0.000359375
0.12700000000000009 0.00183046875
0.12800000000000009 -0.0033203125
0.1290000000000001 -0.00072578125
0.1300000000000001 0.00086328125
0.1310000000000001 -0.0014609375
0.1320000000000001 -0.00528125
0.1330000000000001 0.0018828125
0.1340000000000001 0.0066390625
0.1350000000000001 0.00205703125
0.1360000000000001 0.001690625
0.1370000000000001 -0.00081015625
0.1380000000000001 0.0002375
0.1390000000000001 0.000709375
0.1400000000000001 0.00230625
0.1410000000000001 3.515625e-05
0.1420000000000001 0.005515625
0.1430000000000001 0.0019546875
0.1440000000000001 0.00770234375
0.1450000000000001 -0.00265
0.1460000000000001 0.00164765625
0.1470000000000001 -0.00495
0.1480000000000001 -0.002896875
0.1490000000000001 -0.00566875
0.1500000000000001 -0.0033734375
0.1510000000000001 0.00502421875
0.1520000000000001 -0.00282734375
0.1530000000000001 0.00731171875
0.1540000000000001 0.00896640625
0.1550000000000001 0.00195234375
0.1560000000000001 -0.0075859375
0.1570000000000001 0.00398203125
0.1580000000000001 -9.375e-05
0.1590000000000001 -0.002946875
0.16000000000000011 0.00738125
0.16100000000000012 -0.00596328125
0.16200000000000012 0.00362265625
0.16300000000000012 -0.0249390625
0.16400000000000012 0.008365625
0.16500000000000012 -0.03535390625
0.16600000000000012 -0.01618359375
0.16700000000000012 0.00600859375
0.16800000000000012 -0.0097078125
0.16900000000000012 0.00864765625
0.17000000000000012 0.00738828125
0.17100000000000012 -0.03325
0.17200000000000013 -0.01854140625
0.17300000000000013 0.02456875
0.17400000000000013 0.02143125
0.17500000000000013 0.0562109375
0.17600000000000013 -0.01146171875
0.17700000000000013 -0.04735625
0.17800000000000013 0.0079109375
0.17900000000000013 -0.03283984375
0.18000000000000013 0.04834453125
0.18100000000000013 -0.0585890625
0.18200000000000013 0.0607421875
0.18300000000000013 -0.0639078125
0.18400000000000014 0.05824609375
0.18500000000000014 0.0728625
0.18600000000000014 0.09560390625
0.18700000000000014 -0.0767078125
0.18800000000000014 -0.0499640625
0.18900000000000014 -0.022684375
0.19000000000000014 -0.04096328125
0.19100000000000014 -0.18165625
0.19200000000000014 -0.06152421875
0.19300000000000014 -0.1421234375
0.19400000000000014 -0.27589921875
0.19500000000000015 -0.29484375
0.19600000000000015 0.16916640625
0.19700000000000015 -0.11121171875
0.19800000000000015 -0.09703203125
0.19900000000000015 0.5333484375
0.20000000000000015 -0.1838234375
0.20100000000000015 -0.35411328125
0.20200000000000015 -0.64668203125
0.20300000000000015 -0.818009375
0.20400000000000015 -0.82502109375
0.20500000000000015 -0.76003359375
0.20600000000000016 0.03505703125
0.20700000000000016 0.29031484375
0.20800000000000016 -0.4607109375
0.20900000000000016 0.779175
0.21000000000000016 -0.85298359375
0.21100000000000016 -0.86356953125
0.21200000000000016 0.45701953125
0.21300000000000016 0.86871640625
0.21400000000000016 0.87189453125
0.21500000000000016 0.87601171875
0.21600000000000016 0.882675
0.21700000000000016 0.8836296875
0.21800000000000017 0.88749296875
0.21900000000000017 0.889821875
0.22000000000000017 0.89239453125
0.22100000000000017 0.89493828125
0.22200000000000017 0.89758671875
0.22300000000000017 0.90074453125
0.22400000000000017 0.90451953125
0.22500000000000017 0.90699609375
0.22600000000000017 0.9082390625
0.22700000000000017 0.9102890625
0.22800000000000017 0.91336484375
0.22900000000000018 0.91473125
0.23000000000000018 0.917071875
0.23100000000000018 0.91981875
0.23200000000000018 0.92080859375
0.23300000000000018 0.92227734375
0.23400000000000018 0.925853125
0.23500000000000018 0.9259765625
0.23600000000000018 0.92813984375
0.23700000000000018 0.9296375
0.23800000000000018 0.93143125
0.23900000000000018 0.9324125
0.24000000000000019 0.93416171875
0.2410000000000002 0.93642734375
0.2420000000000002 0.93710390625
0.2430000000000002 0.93875625
0.2440000000000002 0.9404125
0.2450000000000002 0.94034375
0.2460000000000002 0.9434546875
0.2470000000000002 0.94392109375
0.2480000000000002 0.94485234375
0.2490000000000002 0.94608828125
0.25000000000000017 0.946896875
0.25100000000000017 0.9484078125
0.25200000000000017 0.94985
0.25300000000000017 0.95052890625
0.25400000000000017 0.95217734375
0.25500000000000017 0.95322734375
0.25600000000000017 0.9539421875
0.2570000000000002 0.95480859375
0.2580000000000002 0.9549859375
0.2590000000000002 0.95650859375
0.2600000000000002 0.95703046875
0.2610000000000002 0.958359375
0.2620000000000002 0.95832578125
0.2630000000000002 0.96032734375
0.2640000000000002 0.9606078125
0.2650000000000002 0.96141796875
0.2660000000000002 0.96212265625
0.2670000000000002 0.96287890625
0.2680000000000002 0.96332734375
0.2690000000000002 0.96444765625
0.2700000000000002 0.96498828125
0.2710000000000002 0.965446875
0.2720000000000002 0.96663359375
0.2730000000000002 0.9669203125
0.2740000000000002 0.96739375
0.2750000000000002 0.9682046875
0.2760000000000002 0.96863984375
0.2770000000000002 0.96975625
0.2780000000000002 0.97013125
0.2790000000000002 0.970478125
0.2800000000000002 0.9715015625
0.2810000000000002 0.97168359375
0.2820000000000002 0.9720765625
0.2830000000000002 0.9728921875
0.2840000000000002 0.973334375
0.2850000000000002 0.9737859375
0.2860000000000002 0.97443203125
0.2870000000000002 0.975028125
0.2880000000000002 0.9753734375
0.2890000000000002 0.9755046875
0.2900000000000002 0.97611484375
0.2910000000000002 0.976646875
0.2920000000000002 0.97708359375
0.2930000000000002 0.97743828125
0.2940000000000002 0.97767109375
0.2950000000000002 0.97819375
0.2960000000000002 0.97837578125
0.2970000000000002 0.978978125
0.2980000000000002 0.97930703125
0.2990000000000002 0.97986875
0.3000000000000002 0.98025
0.3010000000000002 0.980303125
0.3020000000000002 0.9809
0.3030000000000002 0.98131640625
0.3040000000000002 0.9815046875
0.3050000000000002 0.981953125
0.3060000000000002 0.98209296875
0.3070000000000002 0.982609375
0.3080000000000002 0.98283125
0.3090000000000002 0.983346875
0.3100000000000002 0.9835375
0.3110000000000002 0.9838328125
0.3120000000000002 0.9841828125
0.3130000000000002 0.98428828125
0.3140000000000002 0.98486484375
0.3150000000000002 0.98505078125
0.3160000000000002 0.98518828125
0.3170000000000002 0.985690625
0.3180000000000002 0.98581484375
0.31900000000000023 0.9857265625
0.32000000000000023 0.98640078125
0.32100000000000023 0.98625390625
0.32200000000000023 0.9866375
0.32300000000000023 0.98668828125
0.32400000000000023 0.987284375
0.32500000000000023 0.98750390625
0.32600000000000023 0.9874609375
0.32700000000000023 0.9879
0.32800000000000024 0.98798125
0.32900000000000024 0.9881640625
0.33000000000000024 0.9885328125
0.33100000000000024 0.98883203125
0.33200000000000024 0.98874296875
0.33300000000000024 0.9891609375
0.33400000000000024 0.9891734375
0.33500000000000024 0.98929296875
0.33600000000000024 0.9896828125
0.33700000000000024 0.989653125
0.33800000000000024 0.98986328125
0.33900000000000025 0.99004296875
0.34000000000000025 0.99024765625
0.34100000000000025 0.9903484375
0.34200000000000025 0.99060546875
0.34300000000000025 0.99077421875
0.34400000000000025 0.99089296875
0.34500000000000025 0.99120546875
0.34600000000000025 0.9913734375
0.34700000000000025 0.9913421875
0.34800000000000025 0.99135078125
0.34900000000000025 0.9917
0.35000000000000026 0.99190546875
0.35100000000000026 0.991975
0.35200000000000026 0.9919875
0.35300000000000026 0.99215859375
0.35400000000000026 0.9924359375
0.35500000000000026 0.99262890625
0.35600000000000026 0.99264609375
0.35700000000000026 0.99281328125
0.35800000000000026 0.99294296875
0.35900000000000026 0.9930078125
0.36000000000000026 0.9932140625
0.36100000000000027 0.993178125
0.36200000000000027 0.993371875
0.36300000000000027 0.9934515625
0.36400000000000027 0.99373671875
0.36500000000000027 0.9938046875
0.36600000000000027 0.99380078125
0.36700000000000027 0.9938546875
0.36800000000000027 0.99407578125
0.36900000000000027 0.99411640625
0.3700000000000003 0.99415390625
0.3710000000000003 0.994203125
0.3720000000000003 0.9943421875
0.3730000000000003 0.9945046875
0.3740000000000003 0.9945296875
0.3750000000000003 0.99458046875
0.3760000000000003 0.99471328125
0.3770000000000003 0.99487890625
0.3780000000000003 0.99504375
0.3790000000000003 0.99508671875
0.3800000000000003 0.99509921875
0.3810000000000003 0.9951578125
0.3820000000000003 0.99539296875
0.3830000000000003 0.9954125
0.3840000000000003 0.99550546875
0.3850000000000003 0.99547109375
0.3860000000000003 0.99558046875
0.3870000000000003 0.9955828125
0.3880000000000003 0.99563046875
0.3890000000000003 0.99577265625
0.3900000000000003 0.9957515625
0.3910000000000003 0.99599609375
0.3920000000000003 0.9960140625
0.3930000000000003 0.996115625
0.3940000000000003 0.9961265625
0.3950000000000003 0.9961625
0.3960000000000003 0.9961875
0.3970000000000003 0.99629375
0.3980000000000003 0.99645
0.3990000000000003 0.99642734375
0.4000000000000003 0.9964609375
0.4010000000000003 0.9964734375
0.4020000000000003 0.99658359375
0.4030000000000003 0.99667421875
0.4040000000000003 0.9966390625
0.4050000000000003 0.99682109375
0.4060000000000003 0.996859375
0.4070000000000003 0.9969609375
0.4080000000000003 0.99698125
0.4090000000000003 0.997084375
0.4100000000000003 0.9971140625
0.4110000000000003 0.9971375
0.4120000000000003 0.99713359375
0.4130000000000003 0.997140625
0.4140000000000003 0.99723984375
0.4150000000000003 0.99719453125
0.4160000000000003 0.9973625
0.4170000000000003 0.997440625
0.4180000000000003 0.9974203125
0.4190000000000003 0.997559375
0.4200000000000003 0.99745390625
0.4210000000000003 0.99755078125
0.4220000000000003 0.99758125
0.4230000000000003 0.99763125
0.4240000000000003 0.99767890625
0.4250000000000003 0.9976453125
0.4260000000000003 0.99769609375
0.4270000000000003 0.99774375
0.4280000000000003 0.99773046875
0.4290000000000003 0.99778515625
0.4300000000000003 0.99781328125
0.4310000000000003 0.9979015625
0.43200000000000033 0.9979015625
0.43300000000000033 0.9979
0.43400000000000033 0.99800859375
0.43500000000000033 0.99796640625
0.43600000000000033 0.9980546875
0.43700000000000033 0.99806640625
0.43800000000000033 0.998125
0.43900000000000033 0.99820390625
0.44000000000000034 0.99810546875
0.44100000000000034 0.9982375
0.44200000000000034 0.99826171875
0.44300000000000034 0.99823125
0.44400000000000034 0.99833046875
0.44500000000000034 0.9983453125
0.44600000000000034 0.9983203125
0.44700000000000034 0.99828984375
0.44800000000000034 0.99840078125
0.44900000000000034 0.99844453125
0.45000000000000034 0.9984609375
0.45100000000000035 0.9984734375
0.45200000000000035 0.99850546875
0.45300000000000035 0.998559375
0.45400000000000035 0.9985921875
0.45500000000000035 0.998584375
0.45600000000000035 0.99861171875
0.45700000000000035 0.9985765625
0.45800000000000035 0.99871796875
0.45900000000000035 0.9985984375
0.46000000000000035 0.9986640625
0.46100000000000035 0.99872109375
0.46200000000000035 0.99871953125
0.46300000000000036 0.9988140625
0.46400000000000036 0.99879296875
0.46500000000000036 0.99879453125
0.46600000000000036 0.9988140625
0.46700000000000036 0.99883359375
0.46800000000000036 0.9987984375
0.46900000000000036 0.99882265625
0.47000000000000036 0.99891796875
0.47100000000000036 0.9988671875
0.47200000000000036 0.9989171875
0.47300000000000036 0.99890625
0.47400000000000037 0.998959375
0.47500000000000037 0.9989828125
0.47600000000000037 0.998971875
0.47700000000000037 0.99899296875
0.47800000000000037 0.99899140625
0.47900000000000037 0.99907265625
0.48000000000000037 0.999075
0.48100000000000037 0.99908046875
0.4820000000000004 0.999075
0.4830000000000004 0.99911328125
0.4840000000000004 0.999128125
0.4850000000000004 0.9991609375
0.4860000000000004 0.99916875
0.4870000000000004 0.99915859375
0.4880000000000004 0.999175
0.4890000000000004 0.9991921875
0.4900000000000004 0.99918671875
0.4910000000000004 0.9991703125
0.4920000000000004 0.99921875
0.4930000000000004 0.9992078125
0.4940000000000004 0.999265625
0.4950000000000004 0.99925234375
0.4960000000000004 0.99926640625
0.4970000000000004 0.99927109375
0.4980000000000004 0.99930390625
0.4990000000000004 0.99931171875
0.5000000000000003 0.99930625
0.5010000000000003 0.9993296875
0.5020000000000003 0.999325
0.5030000000000003 0.99934921875
0.5040000000000003 0.9993546875
0.5050000000000003 0.999384375
0.5060000000000003 0.99940234375
0.5070000000000003 0.9993609375
0.5080000000000003 0.9994265625
0.5090000000000003 0.9994125
0.5100000000000003 0.99941015625
0.5110000000000003 0.99942265625
0.5120000000000003 0.99942421875
0.5130000000000003 0.99945234375
0.5140000000000003 0.99944453125
0.5150000000000003 0.99945703125
0.5160000000000003 0.99944375
0.5170000000000003 0.9994921875
0.5180000000000003 0.99949375
0.5190000000000003 0.99952265625
0.5200000000000004 0.99951171875
0.5210000000000004 0.99951015625
0.5220000000000004 0.999534375
0.5230000000000004 0.99947734375
0.5240000000000004 0.999540625
0.5250000000000004 0.99957265625
0.5260000000000004 0.999559375
0.5270000000000004 0.99948984375
0.5280000000000004 0.999571875
0.5290000000000004 0.9995609375
0.5300000000000004 0.99956953125
0.5310000000000004 0.99958203125
0.5320000000000004 0.99960859375
0.5330000000000004 0.99959453125
0.5340000000000004 0.9995859375
0.5350000000000004 0.9996421875
0.5360000000000004 0.999609375
0.5370000000000004 0.99958046875
0.5380000000000004 0.999653125
0.5390000000000004 0.9996171875
0.5400000000000004 0.99963203125
0.5410000000000004 0.99964140625
0.5420000000000004 0.9996109375
0.5430000000000004 0.99969296875
0.5440000000000004 0.99965625
0.5450000000000004 0.999678125
0.5460000000000004 0.99968046875
0.5470000000000004 0.999675
0.5480000000000004 0.999690625
0.5490000000000004 0.9996765625
0.5500000000000004 0.999690625
0.5510000000000004 0.9997171875
0.5520000000000004 0.99971953125
0.5530000000000004 0.99969609375
0.5540000000000004 0.99971640625
0.5550000000000004 0.99971484375
0.5560000000000004 0.99973125
0.5570000000000004 0.99975
0.5580000000000004 0.99973046875
0.5590000000000004 0.9997390625
0.5600000000000004 0.9997390625
0.5610000000000004 0.9997578125
0.5620000000000004 0.999765625
0.5630000000000004 0.999753125
0.5640000000000004 0.99973359375
0.5650000000000004 0.99974609375
0.5660000000000004 0.99976640625
0.5670000000000004 0.99977109375
0.5680000000000004 0.9997625
0.5690000000000004 0.9997875
0.5700000000000004 0.99976171875
0.5710000000000004 0.9997875
0.5720000000000004 0.999796875
0.5730000000000004 0.99978515625
0.5740000000000004 0.999803125
0.5750000000000004 0.999796875
0.5760000000000004 0.9998125
0.5770000000000004 0.99980625
0.5780000000000004 0.999784375
0.5790000000000004 0.99981328125
0.5800000000000004 0.99980625
0.5810000000000004 0.999815625
0.5820000000000004 0.99982421875
0.5830000000000004 0.99980859375
0.5840000000000004 0.999828125
0.5850000000000004 0.99984375
0.5860000000000004 0.99982109375
0.5870000000000004 0.99984140625
0.5880000000000004 0.9998546875
0.5890000000000004 0.9998390625
0.5900000000000004 0.9998375
0.5910000000000004 0.99984296875
0.5920000000000004 0.99984609375
0.5930000000000004 0.9998609375
0.5940000000000004 0.9998453125
0.5950000000000004 0.99983828125
0.5960000000000004 0.9998453125
0.5970000000000004 0.999853125
0.5980000000000004 0.99983828125
0.5990000000000004 0.99987109375
0.6000000000000004 0.9998578125
0.6010000000000004 0.99984140625
0.6020000000000004 0.99988046875
0.6030000000000004 0.999865625
0.6040000000000004 0.99985390625
0.6050000000000004 0.999878125
0.6060000000000004 0.99988125
0.6070000000000004 0.99988671875
0.6080000000000004 0.9998859375
0.6090000000000004 0.99987265625
0.6100000000000004 0.99986953125
0.6110000000000004 0.99989296875
0.6120000000000004 0.9999046875
0.6130000000000004 0.999903125
0.6140000000000004 0.99989453125
0.6150000000000004 0.999890625
0.6160000000000004 0.9999078125
0.6170000000000004 0.9998953125
0.6180000000000004 0.999903125
0.6190000000000004 0.9998984375
0.6200000000000004 0.99989921875
0.6210000000000004 0.9999109375
0.6220000000000004 0.9999046875
0.6230000000000004 0.9999046875
0.6240000000000004 0.9999140625
0.6250000000000004 0.99990859375
0.6260000000000004 0.99989375
0.6270000000000004 0.99990390625
0.6280000000000004 0.99990390625
0.6290000000000004 0.9999203125
0.6300000000000004 0.99991953125
0.6310000000000004 0.99992265625
0.6320000000000005 0.99992265625
0.6330000000000005 0.99991171875
0.6340000000000005 0.9999296875
0.6350000000000005 0.99992265625
0.6360000000000005 0.9999234375
0.6370000000000005 0.9999359375
0.6380000000000005 0.99992109375
0.6390000000000005 0.99992109375
0.6400000000000005 0.99993359375
0.6410000000000005 0.99991953125
0.6420000000000005 0.9999140625
0.6430000000000005 0.9999265625
0.6440000000000005 0.9999328125
0.6450000000000005 0.99992734375
0.6460000000000005 0.99992890625
0.6470000000000005 0.99992734375
0.6480000000000005 0.99994453125
0.6490000000000005 0.9999421875
0.6500000000000005 0.99995390625
0.6510000000000005 0.9999328125
0.6520000000000005 0.99994921875
0.6530000000000005 0.9999453125
0.6540000000000005 0.9999453125
0.6550000000000005 0.9999421875
0.6560000000000005 0.9999453125
0.6570000000000005 0.9999390625
0.6580000000000005 0.999946875
0.6590000000000005 0.999928125
0.6600000000000005 0.9999546875
0.6610000000000005 0.99994921875
0.6620000000000005 0.99995390625
0.6630000000000005 0.99995546875
0.6640000000000005 0.99994921875
0.6650000000000005 0.99994453125
0.6660000000000005 0.999953125
0.6670000000000005 0.99995390625
0.6680000000000005 0.99995
0.6690000000000005 0.999953125
0.6700000000000005 0.9999578125
0.6710000000000005 0.99995234375
0.6720000000000005 0.99995859375
0.6730000000000005 0.9999640625
0.6740000000000005 0.9999625
0.6750000000000005 0.99995703125
0.6760000000000005 0.9999578125
0.6770000000000005 0.99995625
0.6780000000000005 0.99995703125
0.6790000000000005 0.9999546875
0.6800000000000005 0.9999609375
0.6810000000000005 0.99995703125
0.6820000000000005 0.99996796875
0.6830000000000005 0.9999625
0.6840000000000005 0.99996875
0.6850000000000005 0.999965625
0.6860000000000005 0.99996328125
0.6870000000000005 0.99996875
0.6880000000000005 0.99996640625
0.6890000000000005 0.999971875
0.6900000000000005 0.99996953125
0.6910000000000005 0.99997265625
0.6920000000000005 0.9999703125
0.6930000000000005 0.99996484375
0.6940000000000005 0.9999625
0.6950000000000005 0.99996796875
0.6960000000000005 0.99997265625
0.6970000000000005 0.9999625
0.6980000000000005 0.999965625
0.6990000000000005 0.99996328125
0.7000000000000005 0.999978125
0.7010000000000005 0.99997578125
0.7020000000000005 0.9999765625
0.7030000000000005 0.999971875
0.7040000000000005 0.9999671875
0.7050000000000005 0.99996953125
0.7060000000000005 0.99997890625
0.7070000000000005 0.99997265625
0.7080000000000005 0.9999765625
0.7090000000000005 0.99996953125
0.7100000000000005 0.9999765625
0.7110000000000005 0.99997109375
0.7120000000000005 0.99997578125
0.7130000000000005 0.999971875
0.7140000000000005 0.99998359375
0.7150000000000005 0.9999875
0.7160000000000005 0.9999828125
0.7170000000000005 0.99997578125
0.7180000000000005 0.9999765625
0.7190000000000005 0.99997890625
0.7200000000000005 0.99998359375
0.7210000000000005 0.999984375
0.7220000000000005 0.99998046875
0.7230000000000005 0.9999828125
0.7240000000000005 0.99998515625
0.7250000000000005 0.9999828125
0.7260000000000005 0.99997734375
0.7270000000000005 0.99998125
0.7280000000000005 0.99998203125
0.7290000000000005 0.999984375
0.7300000000000005 0.99998046875
0.7310000000000005 0.9999890625
0.7320000000000005 0.99998125
0.7330000000000005 0.9999828125
0.7340000000000005 0.99998359375
0.7350000000000005 0.99997890625
0.7360000000000005 0.9999859375
0.7370000000000005 0.99998515625
0.7380000000000005 0.99998203125
0.7390000000000005 0.99998671875
0.7400000000000005 0.99998125
0.7410000000000005 0.99998203125
0.7420000000000005 0.99998515625
0.7430000000000005 0.999990625
0.7440000000000005 0.9999796875
0.7450000000000006 0.999984375
0.7460000000000006 0.999990625
0.7470000000000006 0.9999875
0.7480000000000006 0.99998359375
0.7490000000000006 0.9999828125
0.7500000000000006 0.99999296875
0.7510000000000006 0.9999890625
0.7520000000000006 0.99999296875
0.7530000000000006 0.99998984375
0.7540000000000006 0.99999140625
0.7550000000000006 0.999990625
0.7560000000000006 0.99998984375
0.7570000000000006 0.9999859375
0.7580000000000006 0.999984375
0.7590000000000006 0.99999140625
0.7600000000000006 0.9999921875
0.7610000000000006 0.99998984375
0.7620000000000006 0.9999921875
0.7630000000000006 0.999990625
0.7640000000000006 0.9999890625
0.7650000000000006 0.99999375
0.7660000000000006 0.99999140625
0.7670000000000006 0.999990625
0.7680000000000006 0.99998671875
0.7690000000000006 0.9999875
0.7700000000000006 0.99999140625
0.7710000000000006 0.999996875
0.7720000000000006 0.9999921875
0.7730000000000006 0.9999859375
0.7740000000000006 0.999990625
0.7750000000000006 0.99999296875
0.7760000000000006 0.99999453125
0.7770000000000006 0.99998671875
0.7780000000000006 0.99998984375
0.7790000000000006 0.99999453125
0.7800000000000006 0.9999921875
0.7810000000000006 0.99998828125
0.7820000000000006 0.99999453125
0.7830000000000006 0.99999296875
0.7840000000000006 0.99999375
0.7850000000000006 0.9999921875
0.7860000000000006 0.99999296875
0.7870000000000006 0.99999296875
0.7880000000000006 0.99999453125
0.7890000000000006 0.99999453125
0.7900000000000006 0.99999296875
0.7910000000000006 0.999990625
0.7920000000000006 0.99999609375
0.7930000000000006 0.99999453125
0.7940000000000006 0.99999140625
0.7950000000000006 0.99999609375
0.7960000000000006 0.9999953125
0.7970000000000006 0.99999296875
0.7980000000000006 0.99999140625
0.7990000000000006 0.99999140625
0.8000000000000006 0.99999375
0.8010000000000006 0.99999296875
0.8020000000000006 0.99999375
0.8030000000000006 0.99999375
0.8040000000000006 0.9999953125
0.8050000000000006 0.9999984375
0.8060000000000006 0.9999921875
0.8070000000000006 0.999996875
0.8080000000000006 0.99999375
0.8090000000000006 0.999996875
0.8100000000000006 0.999996875
0.8110000000000006 0.9999953125
0.8120000000000006 0.99999453125
0.8130000000000006 0.999996875
0.8140000000000006 0.999996875
0.8150000000000006 0.9999953125
0.8160000000000006 0.99999453125
0.8170000000000006 0.99999453125
0.8180000000000006 0.99999453125
0.8190000000000006 0.999996875
0.8200000000000006 0.99999609375
0.8210000000000006 1.0
0.8220000000000006 0.99999296875
0.8230000000000006 0.999996875
0.8240000000000006 0.99999609375
0.8250000000000006 0.99999453125
0.8260000000000006 0.9999953125
0.8270000000000006 0.999996875
0.8280000000000006 0.9999984375
0.8290000000000006 0.99999375
0.8300000000000006 0.99999765625
0.8310000000000006 0.99999609375
0.8320000000000006 0.99999609375
0.8330000000000006 0.9999984375
0.8340000000000006 0.99999765625
0.8350000000000006 0.99999765625
0.8360000000000006 0.99999609375
0.8370000000000006 0.9999984375
0.8380000000000006 0.999996875
0.8390000000000006 0.9999984375
0.8400000000000006 0.9999953125
0.8410000000000006 0.99999765625
0.8420000000000006 0.99999765625
0.8430000000000006 0.999996875
0.8440000000000006 0.999996875
0.8450000000000006 0.9999984375
0.8460000000000006 0.99999765625
0.8470000000000006 0.9999953125
0.8480000000000006 0.9999984375
0.8490000000000006 0.99999375
0.8500000000000006 0.99999921875
0.8510000000000006 0.9999953125
0.8520000000000006 0.999996875
0.8530000000000006 0.99999765625
0.8540000000000006 0.99999609375
0.8550000000000006 0.99999921875
0.8560000000000006 0.999996875
0.8570000000000007 0.999996875
0.8580000000000007 0.9999984375
0.8590000000000007 0.999996875
0.8600000000000007 0.99999453125
0.8610000000000007 0.9999984375
0.8620000000000007 0.99999765625
0.8630000000000007 0.99999609375
0.8640000000000007 0.99999765625
0.8650000000000007 0.99999765625
0.8660000000000007 1.0
0.8670000000000007 0.9999984375
0.8680000000000007 0.9999984375
0.8690000000000007 0.9999984375
0.8700000000000007 1.0
0.8710000000000007 0.99999609375
0.8720000000000007 0.99999921875
0.8730000000000007 0.99999765625
0.8740000000000007 0.9999984375
0.8750000000000007 0.99999609375
0.8760000000000007 0.99999921875
0.8770000000000007 0.999996875
0.8780000000000007 0.99999921875
0.8790000000000007 0.9999984375
0.8800000000000007 0.999996875
0.8810000000000007 0.9999984375
0.8820000000000007 0.9999984375
0.8830000000000007 0.9999984375
0.8840000000000007 0.99999765625
0.8850000000000007 1.0
0.8860000000000007 0.999996875
0.8870000000000007 0.99999609375
0.8880000000000007 0.99999921875
0.8890000000000007 0.99999921875
0.8900000000000007 0.999996875
0.8910000000000007 0.9999984375
0.8920000000000007 0.9999984375
0.8930000000000007 1.0
0.8940000000000007 0.9999984375
0.8950000000000007 0.9999984375
0.8960000000000007 0.9999984375
0.8970000000000007 0.99999921875
0.8980000000000007 0.99999765625
0.8990000000000007 0.99999921875
0.9000000000000007 1.0
0.9010000000000007 1.0
0.9020000000000007 1.0
0.9030000000000007 1.0
0.9040000000000007 0.99999921875
0.9050000000000007 0.99999765625
0.9060000000000007 1.0
0.9070000000000007 0.9999984375
0.9080000000000007 0.99999921875
0.9090000000000007 0.99999609375
0.9100000000000007 0.99999921875
0.9110000000000007 0.99999921875
0.9120000000000007 0.99999921875
0.9130000000000007 0.99999921875
0.9140000000000007 0.99999921875
0.9150000000000007 1.0
0.9160000000000007 1.0
0.9170000000000007 0.9999984375
0.9180000000000007 0.9999984375
0.9190000000000007 0.99999921875
0.9200000000000007 1.0
0.9210000000000007 0.99999921875
0.9220000000000007 0.9999984375
0.9230000000000007 1.0
0.9240000000000007 0.99999921875
0.9250000000000007 0.99999765625
0.9260000000000007 0.99999765625
0.9270000000000007 0.99999921875
0.9280000000000007 1.0
0.9290000000000007 0.99999765625
0.9300000000000007 0.99999921875
0.9310000000000007 0.9999984375
0.9320000000000007 0.99999921875
0.9330000000000007 1.0
0.9340000000000007 0.99999921875
0.9350000000000007 0.99999765625
0.9360000000000007 1.0
0.9370000000000007 1.0
0.9380000000000007 0.99999921875
0.9390000000000007 0.99999921875
0.9400000000000007 1.0
0.9410000000000007 0.9999984375
0.9420000000000007 1.0
0.9430000000000007 1.0
0.9440000000000007 0.99999921875
0.9450000000000007 0.99999921875
0.9460000000000007 1.0
0.9470000000000007 0.99999921875
0.9480000000000007 1.0
0.9490000000000007 0.9999984375
0.9500000000000007 1.0
0.9510000000000007 1.0
0.9520000000000007 1.0
0.9530000000000007 1.0
0.9540000000000007 1.0
0.9550000000000007 1.0
0.9560000000000007 1.0
0.9570000000000007 0.9999984375
0.9580000000000007 1.0
0.9590000000000007 1.0
0.9600000000000007 1.0
0.9610000000000007 1.0
0.9620000000000007 1.0
0.9630000000000007 1.0
0.9640000000000007 1.0
0.9650000000000007 1.0
0.9660000000000007 1.0
0.9670000000000007 1.0
0.9680000000000007 1.0
0.9690000000000007 1.0
0.9700000000000008 1.0
0.9710000000000008 1.0
0.9720000000000008 0.99999921875
0.9730000000000008 0.9999984375
0.9740000000000008 0.99999921875
0.9750000000000008 1.0
0.9760000000000008 1.0
0.9770000000000008 1.0
0.9780000000000008 1.0
0.9790000000000008 1.0
0.9800000000000008 0.99999921875
0.9810000000000008 1.0
0.9820000000000008 1.0
0.9830000000000008 1.0
0.9840000000000008 0.9999984375
0.9850000000000008 1.0
0.9860000000000008 0.99999921875
0.9870000000000008 1.0
0.9880000000000008 1.0
0.9890000000000008 0.99999921875
0.9900000000000008 1.0
0.9910000000000008 0.99999921875
0.9920000000000008 1.0
0.9930000000000008 1.0
0.9940000000000008 1.0
0.9950000000000008 0.99999921875
0.9960000000000008 1.0
0.9970000000000008 1.0
0.9980000000000008 1.0
0.9990000000000008 1.0
1.0000000000000007 1.0
