0.0 0.0
0.001 0.309496527344
0.002 0.391592442344
0.003 0.369665234375
0.004 0.351792398594
0.005 0.319491874844
0.006 0.374280549375
0.007 0.3755536225
0.008 0.368449984375
0.009000000000000001 0.403275524844
0.010000000000000002 0.416635029844
0.011000000000000003 0.38751214
0.012000000000000004 0.371009374375
0.013000000000000005 0.3984224025
0.014000000000000005 0.4228737525
0.015000000000000006 0.429017049375
0.016000000000000007 0.455154125
0.017000000000000008 0.407180574844
0.01800000000000001 0.431754512344
0.01900000000000001 0.445197329844
0.02000000000000001 0.411050875
0.02100000000000001 0.42307726
0.022000000000000013 0.439953599375
0.023000000000000013 0.457236874375
0.024000000000000014 0.42779524
0.025000000000000015 0.42203475
0.026000000000000016 0.449212109375
0.027000000000000017 0.483506089844
0.028000000000000018 0.4560421025
0.02900000000000002 0.478880635
0.03000000000000002 0.4683873475
0.03100000000000002 0.462918714844
0.03200000000000002 0.469688944375
0.03300000000000002 0.493954544375
0.03400000000000002 0.487647735
0.035000000000000024 0.492059887344
0.036000000000000025 0.48350406
0.037000000000000026 0.512083558594
0.03800000000000003 0.498385286094
0.03900000000000003 0.5163967775
0.04000000000000003 0.555791298594
0.04100000000000003 0.523762109375
0.04200000000000003 0.53115725
0.04300000000000003 0.545005299375
0.04400000000000003 0.551554348594
0.04500000000000003 0.5352875
0.046000000000000034 0.574939234375
0.047000000000000035 0.57326276
0.048000000000000036 0.562380621094
0.04900000000000004 0.578031524844
0.05000000000000004 0.5569633475
0.05100000000000004 0.598966109375
0.05200000000000004 0.626575418594
0.05300000000000004 0.608415749375
0.05400000000000004 0.6068314725
0.05500000000000004 0.623157242344
0.05600000000000004 0.624820223594
0.057000000000000044 0.62754016
0.058000000000000045 0.616476248594
0.059000000000000045 0.670590433594
0.060000000000000046 0.648464746094
0.06100000000000005 0.6742792025
0.06200000000000005 0.65990129
0.06300000000000004 0.67158204
0.06400000000000004 0.676164374375
0.06500000000000004 0.695881524375
0.06600000000000004 0.702057621094
0.06700000000000005 0.728834569375
0.06800000000000005 0.725394644375
0.06900000000000005 0.728266817344
0.07000000000000005 0.743377044375
0.07100000000000005 0.765528769375
0.07200000000000005 0.747777734375
0.07300000000000005 0.767094359375
0.07400000000000005 0.778977249375
0.07500000000000005 0.784213879844
0.07600000000000005 0.785453808594
0.07700000000000005 0.864468486094
0.07800000000000006 0.824313217344
0.07900000000000006 0.852246173594
0.08000000000000006 0.832439256094
0.08100000000000006 0.869593804844
0.08200000000000006 0.855069683594
0.08300000000000006 0.893953174375
0.08400000000000006 0.889110058594
0.08500000000000006 0.939566149375
0.08600000000000006 0.957233104844
0.08700000000000006 0.9582953125
0.08800000000000006 0.963718917344
0.08900000000000007 1.01190721734
0.09000000000000007 0.9638114525
0.09100000000000007 1.0078219225
0.09200000000000007 1.05008882359
0.09300000000000007 1.0317182475
0.09400000000000007 1.06017851734
0.09500000000000007 1.060164
0.09600000000000007 1.095658285
0.09700000000000007 1.13945816859
0.09800000000000007 1.12956341734
0.09900000000000007 1.14104475
0.10000000000000007 1.21837819859
0.10100000000000008 1.21591110937
0.10200000000000008 1.24998753109
0.10300000000000008 1.25196923437
0.10400000000000008 1.25345982984
0.10500000000000008 1.31254183984
0.10600000000000008 1.30754956234
0.10700000000000008 1.38500924438
0.10800000000000008 1.39621943359
0.10900000000000008 1.39511073734
0.11000000000000008 1.46166998438
0.11100000000000008 1.49221835937
0.11200000000000009 1.4995314525
0.11300000000000009 1.45151806938
0.11400000000000009 1.56759434
0.11500000000000009 1.58495782359
0.11600000000000009 1.6417688125
0.11700000000000009 1.67423684438
0.11800000000000009 1.68665499938
0.11900000000000009 1.68462659938
0.12000000000000009 1.74155171484
0.1210000000000001 1.89845664937
0.1220000000000001 1.96027481937
0.1230000000000001 1.94397786109
0.1240000000000001 1.97906448609
0.12500000000000008 1.99209767984
0.12600000000000008 1.9739471975
0.12700000000000009 2.13803029859
0.12800000000000009 2.17001349
0.1290000000000001 2.25884296484
0.1300000000000001 2.30059743609
0.1310000000000001 2.329302335
0.1320000000000001 2.4015169725
0.1330000000000001 2.50109275
0.1340000000000001 2.55463269938
0.1350000000000001 2.61604888109
0.1360000000000001 2.80606210938
0.1370000000000001 2.72308761859
0.1380000000000001 2.79339924
0.1390000000000001 2.95659126
0.1400000000000001 3.15499979
0.1410000000000001 3.16334081734
0.1420000000000001 3.3043931475
0.1430000000000001 3.42983802438
0.1440000000000001 3.73601130484
0.1450000000000001 3.60948474937
0.1460000000000001 3.60285489859
0.1470000000000001 3.71824542437
0.1480000000000001 4.15800585937
0.1490000000000001 4.3408399725
0.1500000000000001 4.2269615475
0.1510000000000001 4.62462558984
0.1520000000000001 4.71815956234
0.1530000000000001 5.07313521859
0.1540000000000001 5.11530509859
0.1550000000000001 5.29750866234
0.1560000000000001 5.70276186
0.1570000000000001 6.11755965234
0.1580000000000001 5.96813929437
0.1590000000000001 6.304311765
0.16000000000000011 6.6157292525
0.16100000000000012 6.84158781734
0.16200000000000012 7.44650670609
0.16300000000000012 7.42905185938
0.16400000000000012 7.96317985937
0.16500000000000012 8.39351607359
0.16600000000000012 8.66689978734
0.16700000000000012 9.51718037109
0.16800000000000012 9.67954998438
0.16900000000000012 10.0142670311
0.17000000000000012 10.5152178611
0.17100000000000012 10.9694058944
0.17200000000000013 11.3038702361
0.17300000000000013 11.5549692694
0.17400000000000013 11.7480318475
0.17500000000000013 11.8496340725
0.17600000000000013 12.5523989186
0.17700000000000013 12.5028142225
0.17800000000000013 13.183239625
0.17900000000000013 12.7280015498
0.18000000000000013 13.0664309023
0.18100000000000013 12.9214906094
0.18200000000000013 12.9331598744
0.18300000000000013 12.0760906444
0.18400000000000014 11.9870665736
0.18500000000000014 11.6685793594
0.18600000000000014 10.6261678986
0.18700000000000014 10.922339235
0.18800000000000014 9.00130611937
0.18900000000000014 9.52385985938
0.19000000000000014 8.89790358984
0.19100000000000014 7.9138454475
0.19200000000000014 7.13748349359
0.19300000000000014 6.575839665
0.19400000000000014 5.92212698109
0.19500000000000015 4.788049235
0.19600000000000015 5.48554333109
0.19700000000000015 4.40280562109
0.19800000000000015 3.83491773609
0.19900000000000015 3.19743085938
0.20000000000000015 3.69109512437
0.20100000000000015 3.02415834859
0.20200000000000015 2.42423925484
0.20300000000000015 2.409251585
0.20400000000000015 1.76115082359
0.20500000000000015 1.59827449234
0.20600000000000016 2.05369258734
0.20700000000000016 1.48751901234
0.20800000000000016 1.502831965
0.20900000000000016 1.562608315
0.21000000000000016 1.59357161109
0.21100000000000016 0.979056849844
0.21200000000000016 1.36687001859
0.21300000000000016 1.02943127359
0.21400000000000016 0.905910839844
0.21500000000000016 0.869858277344
0.21600000000000016 0.68129516
0.21700000000000016 0.724154044375
0.21800000000000017 0.903937174844
0.21900000000000017 0.6189567525
0.22000000000000017 0.690137464844
0.22100000000000017 0.595826337344
0.22200000000000017 0.577916262344
0.22300000000000017 0.530026529844
0.22400000000000017 0.454681839844
0.22500000000000017 0.448077808594
0.22600000000000017 0.429665294375
0.22700000000000017 0.459426734375
0.22800000000000017 0.398814461094
0.22900000000000018 0.403263635
0.23000000000000018 0.3581503275
0.23100000000000018 0.327526965
0.23200000000000018 0.336819808594
0.23300000000000018 0.339338246094
0.23400000000000018 0.2999080525
0.23500000000000018 0.308318359375
0.23600000000000018 0.297029006094
0.23700000000000018 0.276739985
0.23800000000000018 0.26604659
0.23900000000000018 0.265158415
0.24000000000000019 0.257492417344
0.2410000000000002 0.239253886094
0.2420000000000002 0.242558273594
0.2430000000000002 0.217899115
0.2440000000000002 0.21559094
0.2450000000000002 0.2165985
0.2460000000000002 0.195819549375
0.2470000000000002 0.194205943594
0.2480000000000002 0.193812981094
0.2490000000000002 0.189628742344
0.25000000000000017 0.1952386275
0.25100000000000017 0.178434774375
0.25200000000000017 0.16361674
0.25300000000000017 0.166748073594
0.25400000000000017 0.152396661094
0.25500000000000017 0.147020756094
0.25600000000000017 0.140119669375
0.2570000000000002 0.145872808594
0.2580000000000002 0.142863449375
0.2590000000000002 0.131842568594
0.2600000000000002 0.134171874844
0.2610000000000002 0.1274515625
0.2620000000000002 0.130549117344
0.2630000000000002 0.119278131094
0.2640000000000002 0.116394049375
0.2650000000000002 0.110733089844
0.2660000000000002 0.109991986094
0.2670000000000002 0.111321058594
0.2680000000000002 0.110117581094
0.2690000000000002 0.103684836094
0.2700000000000002 0.0977852773437
0.2710000000000002 0.0989850025
0.2720000000000002 0.0962548935937
0.2730000000000002 0.095864849375
0.2740000000000002 0.095794735
0.2750000000000002 0.089905124375
0.2760000000000002 0.0865890810937
0.2770000000000002 0.08347829
0.2780000000000002 0.080620965
0.2790000000000002 0.0807698525
0.2800000000000002 0.075814924375
0.2810000000000002 0.0766578085937
0.2820000000000002 0.075529599375
0.2830000000000002 0.072204499375
0.2840000000000002 0.0731104025
0.2850000000000002 0.071898294375
0.2860000000000002 0.0664333548437
0.2870000000000002 0.0672410475
0.2880000000000002 0.066725549375
0.2890000000000002 0.063554169375
0.2900000000000002 0.0631596360937
0.2910000000000002 0.0630606775
0.2920000000000002 0.0593851735938
0.2930000000000002 0.0599895873438
0.2940000000000002 0.0580025685937
0.2950000000000002 0.054890665
0.2960000000000002 0.0567535873437
0.2970000000000002 0.0521874275
0.2980000000000002 0.0528295048438
0.2990000000000002 0.050973465
0.3000000000000002 0.05071275
0.3010000000000002 0.0500398525
0.3020000000000002 0.04796489
0.3030000000000002 0.0466973085937
0.3040000000000002 0.046856519375
0.3050000000000002 0.0438640625
0.3060000000000002 0.0421090248438
0.3070000000000002 0.0424175625
0.3080000000000002 0.04185241
0.3090000000000002 0.0398700225
0.3100000000000002 0.03923919
0.3110000000000002 0.039605994375
0.3120000000000002 0.038581169375
0.3130000000000002 0.0370433873438
0.3140000000000002 0.0365213860937
0.3150000000000002 0.0356971523437
0.3160000000000002 0.0359228623437
0.3170000000000002 0.0332631475
0.3180000000000002 0.0336614610938
0.31900000000000023 0.034641734375
0.32000000000000023 0.0317884923438
0.32100000000000023 0.0319665585938
0.32200000000000023 0.030811435
0.32300000000000023 0.0321191373438
0.32400000000000023 0.0302237225
0.32500000000000023 0.0291609335938
0.32600000000000023 0.029412109375
0.32700000000000023 0.02878779
0.32800000000000024 0.02695196
0.32900000000000024 0.026552734375
0.33000000000000024 0.026424424375
0.33100000000000024 0.0259973398438
0.33200000000000024 0.0253079248438
0.33300000000000024 0.024630019375
0.33400000000000024 0.024783724375
0.33500000000000024 0.0249348398438
0.33600000000000024 0.024100244375
0.33700000000000024 0.0241588225
0.33800000000000024 0.0233999023438
0.33900000000000025 0.0225054648438
0.34000000000000025 0.0220663610937
0.34100000000000025 0.021606044375
0.34200000000000025 0.0211795898437
0.34300000000000025 0.0205527373437
0.34400000000000025 0.0208194298438
0.34500000000000025 0.0196453048437
0.34600000000000025 0.018742849375
0.34700000000000025 0.019151449375
0.34800000000000025 0.0195973373438
0.34900000000000025 0.018692285
0.35000000000000026 0.0184124498438
0.35100000000000026 0.01758219
0.35200000000000026 0.017874135
0.35300000000000026 0.0176325985937
0.35400000000000026 0.017056074375
0.35500000000000026 0.0165548085937
0.35600000000000026 0.0160008485937
0.35700000000000026 0.0158294373437
0.35800000000000026 0.0160960798437
0.35900000000000026 0.015465234375
0.36000000000000026 0.015061469375
0.36100000000000027 0.0149019025
0.36200000000000027 0.0150221475
0.36300000000000027 0.014284699375
0.36400000000000027 0.0137902673438
0.36500000000000027 0.013892984375
0.36600000000000027 0.0135259023437
0.36700000000000027 0.013175944375
0.36800000000000027 0.0130825173438
0.36900000000000027 0.0130459435938
0.3700000000000003 0.0124991735937
0.3710000000000003 0.0123880625
0.3720000000000003 0.012258349375
0.3730000000000003 0.012144194375
0.3740000000000003 0.011976874375
0.3750000000000003 0.0117981298438
0.3760000000000003 0.0114871423437
0.3770000000000003 0.0111159335938
0.3780000000000003 0.01078651
0.3790000000000003 0.0106747623437
0.3800000000000003 0.0105280423438
0.3810000000000003 0.010410124375
0.3820000000000003 0.0100274048437
0.3830000000000003 0.00998743999997
0.3840000000000003 0.00976452984372
0.3850000000000003 0.00973824859375
0.3860000000000003 0.00947942984376
0.3870000000000003 0.00956754437499
0.3880000000000003 0.0094606798437
0.3890000000000003 0.00903298109375
0.3900000000000003 0.00932002437503
0.3910000000000003 0.00848505859375
0.3920000000000003 0.00851399937497
0.3930000000000003 0.00828112750003
0.3940000000000003 0.008199724375
0.3950000000000003 0.00792379000004
0.3960000000000003 0.00808524999999
0.3970000000000003 0.008024135
0.3980000000000003 0.00741126000003
0.3990000000000003 0.00774026109377
0.4000000000000003 0.00751860937501
0.4010000000000003 0.00736934437504
0.4020000000000003 0.00726669859372
0.4030000000000003 0.00700436734377
0.4040000000000003 0.00714262437501
0.4050000000000003 0.00673331859372
0.4060000000000003 0.0066686875
0.4070000000000003 0.006301234375
0.4080000000000003 0.00630773499998
0.4090000000000003 0.00616127749998
0.4100000000000003 0.006117869375
0.4110000000000003 0.00599611000001
0.4120000000000003 0.00609506859374
0.4130000000000003 0.0061256875
0.4140000000000003 0.00565748609378
0.4150000000000003 0.00596792484373
0.4160000000000003 0.00557540999998
0.4170000000000003 0.00544497250002
0.4180000000000003 0.00532762437501
0.4190000000000003 0.00523759749998
0.4200000000000003 0.00523576859376
0.4210000000000003 0.00507840234377
0.4220000000000003 0.00493981
0.4230000000000003 0.00502921500001
0.4240000000000003 0.00482549359376
0.4250000000000003 0.004918094375
0.4260000000000003 0.00477396859375
0.4270000000000003 0.00464053999997
0.4280000000000003 0.00479546484374
0.4290000000000003 0.00464574609376
0.4300000000000003 0.00437743734375
0.4310000000000003 0.00439771937502
0.43200000000000033 0.00440709437501
0.43300000000000033 0.004399165
0.43400000000000033 0.00410509359378
0.43500000000000033 0.00428974859375
0.43600000000000033 0.00402498437498
0.43700000000000033 0.00399755859377
0.43800000000000033 0.00395624999999
0.43900000000000033 0.00367571859374
0.44000000000000034 0.00386083984378
0.44100000000000034 0.00367038499999
0.44200000000000034 0.00354677734376
0.44300000000000034 0.00371473499999
0.44400000000000034 0.00352862984377
0.44500000000000034 0.00343969937498
0.44600000000000034 0.00351523437502
0.44700000000000034 0.00370598109376
0.44800000000000034 0.00328434234376
0.44900000000000034 0.00322592484375
0.45000000000000034 0.00322485937502
0.45100000000000035 0.00320341937501
0.45200000000000035 0.00316725484373
0.45300000000000035 0.00295307249999
0.45400000000000035 0.00288949937499
0.45500000000000035 0.0028619775
0.45600000000000035 0.00295504234376
0.45700000000000035 0.00290004937497
0.45800000000000035 0.00261829984376
0.45900000000000035 0.00292524437501
0.46000000000000035 0.00279310937503
0.46100000000000035 0.00266722359379
0.46200000000000035 0.00255994984374
0.46300000000000036 0.00241494937498
0.46400000000000036 0.00244421484376
0.46500000000000036 0.00242642984378
0.46600000000000036 0.00243057437498
0.46700000000000036 0.00238764859373
0.46800000000000036 0.00244914937502
0.46900000000000036 0.00238733609373
0.47000000000000036 0.00222371484372
0.47100000000000036 0.002340234375
0.47200000000000036 0.00223421937497
0.47300000000000036 0.002221875
0.47400000000000037 0.00214777750003
0.47500000000000037 0.00214137437501
0.47600000000000037 0.00212627250002
0.47700000000000037 0.00210132484378
0.47800000000000037 0.00206614359374
0.47900000000000037 0.00190016109377
0.48000000000000037 0.00189970999998
0.48100000000000037 0.00189135484374
0.4820000000000004 0.00189345999999
0.4830000000000004 0.00183465234377
0.4840000000000004 0.0017678975
0.4850000000000004 0.00168851937499
0.4860000000000004 0.00168560999998
0.4870000000000004 0.00173282359373
0.4880000000000004 0.00170388499998
0.4890000000000004 0.00163606937497
0.4900000000000004 0.00167286234378
0.4910000000000004 0.00168939937498
0.4920000000000004 0.00159687499996
0.4930000000000004 0.00161121937501
0.4940000000000004 0.00151193749997
0.4950000000000004 0.00150533609371
0.4960000000000004 0.00149504359376
0.4970000000000004 0.00149679859373
0.4980000000000004 0.00144314359375
0.4990000000000004 0.00138028734372
0.5000000000000003 0.00139866500004
0.5010000000000003 0.00135372437501
0.5020000000000003 0.00137710999999
0.5030000000000003 0.00130876734374
0.5040000000000003 0.00133714437499
0.5050000000000003 0.00124672750002
0.5060000000000003 0.00119449609372
0.5070000000000003 0.001270449375
0.5080000000000003 0.00115956937501
0.5090000000000003 0.00120538999997
0.5100000000000003 0.00116562109378
0.5110000000000003 0.00117873109375
0.5120000000000003 0.00116044234375
0.5130000000000003 0.00109353109374
0.5140000000000003 0.00111632484376
0.5150000000000003 0.00111671484376
0.5160000000000003 0.00114579000001
0.5170000000000003 0.00103085937499
0.5180000000000003 0.00105314000001
0.5190000000000003 0.000940106093736
0.5200000000000004 0.00100615234376
0.5210000000000004 0.00101826109378
0.5220000000000004 0.00095387250002
0.5230000000000004 0.00105350609377
0.5240000000000004 0.000958477500035
0.5250000000000004 0.000867311093742
0.5260000000000004 0.000919047499991
0.5270000000000004 0.00100681109373
0.5280000000000004 0.000856202500017
0.5290000000000004 0.000888149375015
0.5300000000000004 0.000885374843733
0.5310000000000004 0.000856839843749
0.5320000000000004 0.000809218593758
0.5330000000000004 0.000837599843749
0.5340000000000004 0.000837359374998
0.5350000000000004 0.000720349375001
0.5360000000000004 0.000804687499993
0.5370000000000004 0.000837754843786
0.5380000000000004 0.00070044749998
0.5390000000000004 0.000768734375043
0.5400000000000004 0.000757524843749
0.5410000000000004 0.000715518593779
0.5420000000000004 0.000786249375011
0.5430000000000004 0.000614929843749
0.5440000000000004 0.000697874999986
0.5450000000000004 0.000645352500015
0.5460000000000004 0.000631674843731
0.5470000000000004 0.000647960000009
0.5480000000000004 0.000628622499988
0.5490000000000004 0.000670094374982
0.5500000000000004 0.000616122499963
0.5510000000000004 0.000582649374962
0.5520000000000004 0.000562674843763
0.5530000000000004 0.000609168593741
0.5540000000000004 0.000568473593745
0.5550000000000004 0.000574496093776
0.5560000000000004 0.000528385000024
0.5570000000000004 0.00050275000001
0.5580000000000004 0.000561089843728
0.5590000000000004 0.000513819374987
0.5600000000000004 0.000541944374987
0.5610000000000004 0.000478734375037
0.5620000000000004 0.000476562500012
0.5630000000000004 0.000487522499981
0.5640000000000004 0.000555268593729
0.5650000000000004 0.000500683593771
0.5660000000000004 0.000462593593738
0.5670000000000004 0.000460023593774
0.5680000000000004 0.000479310000003
0.5690000000000004 0.000425939999985
0.5700000000000004 0.000490152343758
0.5710000000000004 0.000416564999995
0.5720000000000004 0.000405062499993
0.5730000000000004 0.000433496093763
0.5740000000000004 0.000396327499999
0.5750000000000004 0.000411312499978
0.5760000000000004 0.000375375000004
0.5770000000000004 0.000384139999994
0.5780000000000004 0.000434972500017
0.5790000000000004 0.000398887343749
0.5800000000000004 0.000384139999994
0.5810000000000004 0.0003694225
0.5820000000000004 0.000349902343714
0.5830000000000004 0.000385933593776
0.5840000000000004 0.00034556250003
0.5850000000000004 0.000306249999966
0.5860000000000004 0.000362118593785
0.5870000000000004 0.000316998593775
0.5880000000000004 0.000297719375027
0.5890000000000004 0.000324619375021
0.5900000000000004 0.000330739999981
0.5910000000000004 0.000313999843769
0.5920000000000004 0.00030799859374
0.5930000000000004 0.000288799374971
0.5940000000000004 0.000309499375021
0.5950000000000004 0.000332367343759
0.5960000000000004 0.000306374375015
0.5970000000000004 0.000294477499978
0.5980000000000004 0.000326117343775
0.5990000000000004 0.000256683593733
0.6000000000000004 0.000285449374957
0.6010000000000004 0.000320123593781
0.6020000000000004 0.000241654843762
0.6030000000000004 0.000267252500009
0.6040000000000004 0.000296098593708
0.6050000000000004 0.000239947500035
0.6060000000000004 0.000243264999966
0.6070000000000004 0.000226402343742
0.6080000000000004 0.000227919375021
0.6090000000000004 0.00026303609377
0.6100000000000004 0.000259704843756
0.6110000000000004 0.00021425484374
0.6120000000000004 0.000191424375032
0.6130000000000004 0.000191347499992
0.6140000000000004 0.000208089843738
0.6150000000000004 0.000215687499974
0.6160000000000004 0.000182199374962
0.6170000000000004 0.000206569375024
0.6180000000000004 0.000194472499999
0.6190000000000004 0.000203609375006
0.6200000000000004 0.000198962343745
0.6210000000000004 0.000179219374957
0.6220000000000004 0.000188299375026
0.6230000000000004 0.000191424375032
0.6240000000000004 0.000176234375004
0.6250000000000004 0.000180673593775
0.6260000000000004 0.000209609999985
0.6270000000000004 0.000192948593735
0.6280000000000004 0.000192948593735
0.6290000000000004 0.000160874374984
0.6300000000000004 0.000159279843757
0.6310000000000004 0.000159406093758
0.6320000000000005 0.000153156093774
0.6330000000000005 0.000174567343777
0.6340000000000005 0.000139359374998
0.6350000000000005 0.000153156093774
0.6360000000000005 0.000151624375007
0.6370000000000005 0.000127074375001
0.6380000000000005 0.000156218593702
0.6390000000000005 0.000156218593702
0.6400000000000005 0.000131683593736
0.6410000000000005 0.000159279843757
0.6420000000000005 0.000169984374992
0.6430000000000005 0.000148619374983
0.6440000000000005 0.000136344374994
0.6450000000000005 0.000143961093755
0.6460000000000005 0.00014714359375
0.6470000000000005 0.000143961093755
0.6480000000000005 0.000113274843727
0.6490000000000005 0.00012101937503
0.6500000000000005 9.16435937484e-05
0.6510000000000005 0.000133219375016
0.6520000000000005 0.000100902343775
0.6530000000000005 0.000108609375019
0.6540000000000005 0.000108609375019
0.6550000000000005 0.000114769375017
0.6560000000000005 0.000108609375019
0.6570000000000005 0.000124049375017
0.6580000000000005 0.000105527499983
0.6590000000000005 0.000142427500037
0.6600000000000005 9.00993749724e-05
0.6610000000000005 0.000100902343775
0.6620000000000005 9.78935937326e-05
0.6630000000000005 8.8554843785e-05
0.6640000000000005 0.000100902343775
0.6650000000000005 0.000110149843721
0.6660000000000005 9.31874999992e-05
0.6670000000000005 9.16435937484e-05
0.6680000000000005 0.000102485000014
0.6690000000000005 9.63125000055e-05
0.6700000000000005 8.70443749648e-05
0.6710000000000005 9.47310937534e-05
0.6720000000000005 8.23735937558e-05
0.6730000000000005 7.15443749755e-05
0.6740000000000005 7.46400000082e-05
0.6750000000000005 8.54648437496e-05
0.6760000000000005 8.39193749584e-05
0.6770000000000005 9.0135000022e-05
0.6780000000000005 8.54648437496e-05
0.6790000000000005 9.00993749724e-05
0.6800000000000005 7.77343749974e-05
0.6810000000000005 8.54648437496e-05
0.6820000000000005 6.37998437298e-05
0.6830000000000005 7.46400000082e-05
0.6840000000000005 6.22500000134e-05
0.6850000000000005 6.84475000128e-05
0.6860000000000005 7.30923437402e-05
0.6870000000000005 6.22500000134e-05
0.6880000000000005 6.6898593758e-05
0.6890000000000005 5.60475000384e-05
0.6900000000000005 6.06998437434e-05
0.6910000000000005 5.44960937532e-05
0.6920000000000005 5.91493750051e-05
0.6930000000000005 6.99960937425e-05
0.6940000000000005 7.46400000082e-05
0.6950000000000005 6.37998437298e-05
0.6960000000000005 5.44960937532e-05
0.6970000000000005 7.46400000082e-05
0.6980000000000005 6.84475000128e-05
0.6990000000000005 7.30923437402e-05
0.7000000000000005 4.36274999629e-05
0.7010000000000005 4.82873437875e-05
0.7020000000000005 4.67343750188e-05
0.7030000000000005 5.60475000384e-05
0.7040000000000005 6.5349374978e-05
0.7050000000000005 6.06998437434e-05
0.7060000000000005 4.2073593761e-05
0.7070000000000005 5.44960937532e-05
0.7080000000000005 4.67343750188e-05
0.7090000000000005 6.38248437497e-05
0.7100000000000005 4.67343750188e-05
0.7110000000000005 5.75985937417e-05
0.7120000000000005 4.82873437875e-05
0.7130000000000005 5.60475000384e-05
0.7140000000000005 3.27435937493e-05
0.7150000000000005 2.49599999904e-05
0.7160000000000005 3.42993750166e-05
0.7170000000000005 4.82873437875e-05
0.7180000000000005 4.98593749967e-05
0.7190000000000005 4.2073593761e-05
0.7200000000000005 3.27435937493e-05
0.7210000000000005 3.11874999852e-05
0.7220000000000005 3.89648437249e-05
0.7230000000000005 3.42993750166e-05
0.7240000000000005 2.96310937813e-05
0.7250000000000005 3.42993750166e-05
0.7260000000000005 4.51810937534e-05
0.7270000000000005 3.74100000045e-05
0.7280000000000005 3.58548437873e-05
0.7290000000000005 3.11874999852e-05
0.7300000000000005 3.89648437249e-05
0.7310000000000005 2.18443750271e-05
0.7320000000000005 3.74100000045e-05
0.7330000000000005 3.42993750166e-05
0.7340000000000005 3.27435937493e-05
0.7350000000000005 4.2073593761e-05
0.7360000000000005 2.80743749954e-05
0.7370000000000005 2.96310937813e-05
0.7380000000000005 3.58548437873e-05
0.7390000000000005 2.65173437697e-05
0.7400000000000005 3.74100000045e-05
0.7410000000000005 3.58548437873e-05
0.7420000000000005 2.96310937813e-05
0.7430000000000005 1.87274999917e-05
0.7440000000000005 4.05193750055e-05
0.7450000000000006 3.11874999852e-05
0.7460000000000006 1.87274999917e-05
0.7470000000000006 2.49599999904e-05
0.7480000000000006 3.27435937493e-05
0.7490000000000006 3.42993750166e-05
0.7500000000000006 1.40498437702e-05
0.7510000000000006 2.18443750271e-05
0.7520000000000006 1.40498437702e-05
0.7530000000000006 2.02860937577e-05
0.7540000000000006 1.71685937005e-05
0.7550000000000006 1.87274999917e-05
0.7560000000000006 2.02860937577e-05
0.7570000000000006 2.80743749954e-05
0.7580000000000006 3.11874999852e-05
0.7590000000000006 1.71685937005e-05
0.7600000000000006 1.56093750263e-05
0.7610000000000006 2.02860937577e-05
0.7620000000000006 1.56093750263e-05
0.7630000000000006 1.87274999917e-05
0.7640000000000006 2.18443750271e-05
0.7650000000000006 1.24899999889e-05
0.7660000000000006 1.71685937005e-05
0.7670000000000006 1.87274999917e-05
0.7680000000000006 2.65173437697e-05
0.7690000000000006 2.49599999904e-05
0.7700000000000006 1.71685937005e-05
0.7710000000000006 6.24749998224e-06
0.7720000000000006 1.56093750263e-05
0.7730000000000006 2.80743749954e-05
0.7740000000000006 1.87274999917e-05
0.7750000000000006 1.40498437702e-05
0.7760000000000006 1.09298437394e-05
0.7770000000000006 2.65173437697e-05
0.7780000000000006 2.02860937577e-05
0.7790000000000006 1.09298437394e-05
0.7800000000000006 1.56093750263e-05
0.7810000000000006 2.34023437145e-05
0.7820000000000006 1.09298437394e-05
0.7830000000000006 1.40498437702e-05
0.7840000000000006 1.24899999889e-05
0.7850000000000006 1.56093750263e-05
0.7860000000000006 1.40498437702e-05
0.7870000000000006 1.40498437702e-05
0.7880000000000006 1.09298437394e-05
0.7890000000000006 1.09298437394e-05
0.7900000000000006 1.40498437702e-05
0.7910000000000006 1.87274999917e-05
0.7920000000000006 7.80859375027e-06
0.7930000000000006 1.09298437394e-05
0.7940000000000006 1.71685937005e-05
0.7950000000000006 7.80859375027e-06
0.7960000000000006 9.36937502161e-06
0.7970000000000006 1.40498437702e-05
0.7980000000000006 1.71685937005e-05
0.7990000000000006 1.71685937005e-05
0.8000000000000006 1.24899999889e-05
0.8010000000000006 1.40498437702e-05
0.8020000000000006 1.24899999889e-05
0.8030000000000006 1.24899999889e-05
0.8040000000000006 9.36937502161e-06
0.8050000000000006 3.12437504135e-06
0.8060000000000006 1.56093750263e-05
0.8070000000000006 6.24749998224e-06
0.8080000000000006 1.24899999889e-05
0.8090000000000006 6.24749998224e-06
0.8100000000000006 6.24749998224e-06
0.8110000000000006 9.36937502161e-06
0.8120000000000006 1.09298437394e-05
0.8130000000000006 6.24749998224e-06
0.8140000000000006 6.24749998224e-06
0.8150000000000006 9.36937502161e-06
0.8160000000000006 1.09298437394e-05
0.8170000000000006 1.09298437394e-05
0.8180000000000006 1.09298437394e-05
0.8190000000000006 6.24749998224e-06
0.8200000000000006 7.80859375027e-06
0.8210000000000006 0.0
0.8220000000000006 1.40498437702e-05
0.8230000000000006 6.24749998224e-06
0.8240000000000006 7.80859375027e-06
0.8250000000000006 1.09298437394e-05
0.8260000000000006 9.36937502161e-06
0.8270000000000006 6.24749998224e-06
0.8280000000000006 3.12437504135e-06
0.8290000000000006 1.24899999889e-05
0.8300000000000006 4.68609374593e-06
0.8310000000000006 7.80859375027e-06
0.8320000000000006 7.80859375027e-06
0.8330000000000006 3.12437504135e-06
0.8340000000000006 4.68609374593e-06
0.8350000000000006 4.68609374593e-06
0.8360000000000006 7.80859375027e-06
0.8370000000000006 3.12437504135e-06
0.8380000000000006 6.24749998224e-06
0.8390000000000006 3.12437504135e-06
0.8400000000000006 9.36937502161e-06
0.8410000000000006 4.68609374593e-06
0.8420000000000006 4.68609374593e-06
0.8430000000000006 6.24749998224e-06
0.8440000000000006 6.24749998224e-06
0.8450000000000006 3.12437504135e-06
0.8460000000000006 4.68609374593e-06
0.8470000000000006 9.36937502161e-06
0.8480000000000006 3.12437504135e-06
0.8490000000000006 1.24899999889e-05
0.8500000000000006 1.56234375481e-06
0.8510000000000006 9.36937502161e-06
0.8520000000000006 6.24749998224e-06
0.8530000000000006 4.68609374593e-06
0.8540000000000006 7.80859375027e-06
0.8550000000000006 1.56234375481e-06
0.8560000000000006 6.24749998224e-06
0.8570000000000007 6.24749998224e-06
0.8580000000000007 3.12437504135e-06
0.8590000000000007 6.24749998224e-06
0.8600000000000007 1.09298437394e-05
0.8610000000000007 3.12437504135e-06
0.8620000000000007 4.68609374593e-06
0.8630000000000007 7.80859375027e-06
0.8640000000000007 4.68609374593e-06
0.8650000000000007 4.68609374593e-06
0.8660000000000007 0.0
0.8670000000000007 3.12437504135e-06
0.8680000000000007 3.12437504135e-06
0.8690000000000007 3.12437504135e-06
0.8700000000000007 0.0
0.8710000000000007 7.80859375027e-06
0.8720000000000007 1.56234375481e-06
0.8730000000000007 4.68609374593e-06
0.8740000000000007 3.12437504135e-06
0.8750000000000007 7.80859375027e-06
0.8760000000000007 1.56234375481e-06
0.8770000000000007 6.24749998224e-06
0.8780000000000007 1.56234375481e-06
0.8790000000000007 3.12437504135e-06
0.8800000000000007 6.24749998224e-06
0.8810000000000007 3.12437504135e-06
0.8820000000000007 3.12437504135e-06
0.8830000000000007 3.12437504135e-06
0.8840000000000007 4.68609374593e-06
0.8850000000000007 0.0
0.8860000000000007 6.24749998224e-06
0.8870000000000007 7.80859375027e-06
0.8880000000000007 1.56234375481e-06
0.8890000000000007 1.56234375481e-06
0.8900000000000007 6.24749998224e-06
0.8910000000000007 3.12437504135e-06
0.8920000000000007 3.12437504135e-06
0.8930000000000007 0.0
0.8940000000000007 3.12437504135e-06
0.8950000000000007 3.12437504135e-06
0.8960000000000007 3.12437504135e-06
0.8970000000000007 1.56234375481e-06
0.8980000000000007 4.68609374593e-06
0.8990000000000007 1.56234375481e-06
0.9000000000000007 0.0
0.9010000000000007 0.0
0.9020000000000007 0.0
0.9030000000000007 0.0
0.9040000000000007 1.56234375481e-06
0.9050000000000007 4.68609374593e-06
0.9060000000000007 0.0
0.9070000000000007 3.12437504135e-06
0.9080000000000007 1.56234375481e-06
0.9090000000000007 7.80859375027e-06
0.9100000000000007 1.56234375481e-06
0.9110000000000007 1.56234375481e-06
0.9120000000000007 1.56234375481e-06
0.9130000000000007 1.56234375481e-06
0.9140000000000007 1.56234375481e-06
0.9150000000000007 0.0
0.9160000000000007 0.0
0.9170000000000007 3.12437504135e-06
0.9180000000000007 3.12437504135e-06
0.9190000000000007 1.56234375481e-06
0.9200000000000007 0.0
0.9210000000000007 1.56234375481e-06
0.9220000000000007 3.12437504135e-06
0.9230000000000007 0.0
0.9240000000000007 1.56234375481e-06
0.9250000000000007 4.68609374593e-06
0.9260000000000007 4.68609374593e-06
0.9270000000000007 1.56234375481e-06
0.9280000000000007 0.0
0.9290000000000007 4.68609374593e-06
0.9300000000000007 1.56234375481e-06
0.9310000000000007 3.12437504135e-06
0.9320000000000007 1.56234375481e-06
0.9330000000000007 0.0
0.9340000000000007 1.56234375481e-06
0.9350000000000007 4.68609374593e-06
0.9360000000000007 0.0
0.9370000000000007 0.0
0.9380000000000007 1.56234375481e-06
0.9390000000000007 1.56234375481e-06
0.9400000000000007 0.0
0.9410000000000007 3.12437504135e-06
0.9420000000000007 0.0
0.9430000000000007 0.0
0.9440000000000007 1.56234375481e-06
0.9450000000000007 1.56234375481e-06
0.9460000000000007 0.0
0.9470000000000007 1.56234375481e-06
0.9480000000000007 0.0
0.9490000000000007 3.12437504135e-06
0.9500000000000007 0.0
0.9510000000000007 0.0
0.9520000000000007 0.0
0.9530000000000007 0.0
0.9540000000000007 0.0
0.9550000000000007 0.0
0.9560000000000007 0.0
0.9570000000000007 3.12437504135e-06
0.9580000000000007 0.0
0.9590000000000007 0.0
0.9600000000000007 0.0
0.9610000000000007 0.0
0.9620000000000007 0.0
0.9630000000000007 0.0
0.9640000000000007 0.0
0.9650000000000007 0.0
0.9660000000000007 0.0
0.9670000000000007 0.0
0.9680000000000007 0.0
0.9690000000000007 0.0
0.9700000000000008 0.0
0.9710000000000008 0.0
0.9720000000000008 1.56234375481e-06
0.9730000000000008 3.12437504135e-06
0.9740000000000008 1.56234375481e-06
0.9750000000000008 0.0
0.9760000000000008 0.0
0.9770000000000008 0.0
0.9780000000000008 0.0
0.9790000000000008 0.0
0.9800000000000008 1.56234375481e-06
0.9810000000000008 0.0
0.9820000000000008 0.0
0.9830000000000008 0.0
0.9840000000000008 3.12437504135e-06
0.9850000000000008 0.0
0.9860000000000008 1.56234375481e-06
0.9870000000000008 0.0
0.9880000000000008 0.0
0.9890000000000008 1.56234375481e-06
0.9900000000000008 0.0
0.9910000000000008 1.56234375481e-06
0.9920000000000008 0.0
0.9930000000000008 0.0
0.9940000000000008 0.0
0.9950000000000008 1.56234375481e-06
0.9960000000000008 0.0
0.9970000000000008 0.0
0.9980000000000008 0.0
0.9990000000000008 0.0
1.0000000000000007 0.0
