0.0 0.0
0.001 4.44729312213e-06
0.002 1.52151603457e-05
0.003 4.08087505992e-05
0.004 6.48633724439e-05
0.005 0.000104061755349
0.006 0.000143912062607
0.007 0.000205766098609
0.008 0.000274308334694
0.009000000000000001 0.000323924186066
0.010000000000000002 0.000430284914668
0.011000000000000003 0.000481015398836
0.012000000000000004 0.000609264007301
0.013000000000000005 0.00070408491148
0.014000000000000005 0.00083231225775
0.015000000000000006 0.000996085766709
0.016000000000000007 0.00114219444767
0.017000000000000008 0.00124491884137
0.01800000000000001 0.00149909397786
0.01900000000000001 0.00162510778206
0.02000000000000001 0.00177501239681
0.02100000000000001 0.00202026677344
0.022000000000000013 0.00218539379127
0.023000000000000013 0.00242827311131
0.024000000000000014 0.00258581002114
0.025000000000000015 0.00279496938756
0.026000000000000016 0.00310502624587
0.027000000000000017 0.00323391686071
0.028000000000000018 0.003770656391
0.02900000000000002 0.0041287489586
0.03000000000000002 0.004388140639
0.03100000000000002 0.00470711393737
0.03200000000000002 0.00504709032196
0.03300000000000002 0.00513420672158
0.03400000000000002 0.00593457334714
0.035000000000000024 0.00604203994961
0.036000000000000025 0.00671530879543
0.037000000000000026 0.00714118964184
0.03800000000000003 0.00762721111961
0.03900000000000003 0.00788356314729
0.04000000000000003 0.00860939263469
0.04100000000000003 0.00904032570795
0.04200000000000003 0.00929403892744
0.04300000000000003 0.0100756397861
0.04400000000000003 0.0106821879567
0.04500000000000003 0.010717410183
0.046000000000000034 0.0118107744222
0.047000000000000035 0.0120459597069
0.048000000000000036 0.0127806380074
0.04900000000000004 0.0136287518746
0.05000000000000004 0.0140329524482
0.05100000000000004 0.0155794273347
0.05200000000000004 0.0150746199771
0.05300000000000004 0.0159333839643
0.05400000000000004 0.0173185874645
0.05500000000000004 0.0170981019481
0.05600000000000004 0.018597887276
0.057000000000000044 0.0196631273746
0.058000000000000045 0.0198709575049
0.059000000000000045 0.0214441475183
0.060000000000000046 0.0221371739954
0.06100000000000005 0.0235719294642
0.06200000000000005 0.0238384265067
0.06300000000000004 0.025303285783
0.06400000000000004 0.0266006867265
0.06500000000000004 0.02709029414
0.06600000000000004 0.0280366544801
0.06700000000000005 0.0308362909007
0.06800000000000005 0.0301096451178
0.06900000000000005 0.0308254295857
0.07000000000000005 0.0344626802734
0.07100000000000005 0.0332864706883
0.07200000000000005 0.0358841330148
0.07300000000000005 0.0373069544375
0.07400000000000005 0.0375694746203
0.07500000000000005 0.0401190487691
0.07600000000000005 0.0407613717954
0.07700000000000005 0.0424756279778
0.07800000000000006 0.0435520889056
0.07900000000000006 0.0443842921056
0.08000000000000006 0.0463417081143
0.08100000000000006 0.0477803464597
0.08200000000000006 0.0510115115548
0.08300000000000006 0.0525228394504
0.08400000000000006 0.0532894534898
0.08500000000000006 0.0544056590593
0.08600000000000006 0.0568313332663
0.08700000000000006 0.0587089551977
0.08800000000000006 0.0611964873691
0.08900000000000007 0.0639746046378
0.09000000000000007 0.0669831694026
0.09100000000000007 0.0674635149557
0.09200000000000007 0.0699387583926
0.09300000000000007 0.0731212318745
0.09400000000000007 0.0768004844423
0.09500000000000007 0.0790921785131
0.09600000000000007 0.0793754941959
0.09700000000000007 0.0823082549388
0.09800000000000007 0.0835160149198
0.09900000000000007 0.0859710994661
0.10000000000000007 0.091657000507
0.10100000000000008 0.0924157356895
0.10200000000000008 0.0931284273773
0.10300000000000008 0.0959974566749
0.10400000000000008 0.100420244142
0.10500000000000008 0.103967023655
0.10600000000000008 0.109029249403
0.10700000000000008 0.110100764359
0.10800000000000008 0.115110552629
0.10900000000000008 0.118308832733
0.11000000000000008 0.119328623543
0.11100000000000008 0.124420749589
0.11200000000000009 0.127887053276
0.11300000000000009 0.135118948462
0.11400000000000009 0.133834182323
0.11500000000000009 0.136578477994
0.11600000000000009 0.144634718784
0.11700000000000009 0.143535239057
0.11800000000000009 0.153660642067
0.11900000000000009 0.157409497981
0.12000000000000009 0.161066652424
0.1210000000000001 0.164164524952
0.1220000000000001 0.16904831813
0.1230000000000001 0.176588913314
0.1240000000000001 0.176613829844
0.12500000000000008 0.19257007964
0.12600000000000008 0.195612808135
0.12700000000000009 0.197310956137
0.12800000000000009 0.203656544674
0.1290000000000001 0.204809716674
0.1300000000000001 0.217915732404
0.1310000000000001 0.222677478732
0.1320000000000001 0.232645610948
0.1330000000000001 0.22880960852
0.1340000000000001 0.241495171914
0.1350000000000001 0.25067333539
0.1360000000000001 0.254926630339
0.1370000000000001 0.266844791884
0.1380000000000001 0.274804261907
0.1390000000000001 0.272222763701
0.1400000000000001 0.287997571944
0.1410000000000001 0.297192136522
0.1420000000000001 0.310115248094
0.1430000000000001 0.305038529253
0.1440000000000001 0.324056338548
0.1450000000000001 0.322123799705
0.1460000000000001 0.33760471097
0.1470000000000001 0.345900276619
0.1480000000000001 0.35018452664
0.1490000000000001 0.378926161115
0.1500000000000001 0.377196045268
0.1510000000000001 0.400675436435
0.1520000000000001 0.412565321328
0.1530000000000001 0.428517056927
0.1540000000000001 0.450282808858
0.1550000000000001 0.432566016227
0.1560000000000001 0.475993003812
0.1570000000000001 0.479191956539
0.1580000000000001 0.490282202904
0.1590000000000001 0.510074142627
0.16000000000000011 0.51541522311
0.16100000000000012 0.546341684315
0.16200000000000012 0.557152034496
0.16300000000000012 0.571986925639
0.16400000000000012 0.601015230609
0.16500000000000012 0.604459605333
0.16600000000000012 0.646115962368
0.16700000000000012 0.638792717215
0.16800000000000012 0.690978040956
0.16900000000000012 0.708460730452
0.17000000000000012 0.745087369968
0.17100000000000012 0.77979632912
0.17200000000000013 0.769624745715
0.17300000000000013 0.84306467256
0.17400000000000013 0.893485454101
0.17500000000000013 0.896109671396
0.17600000000000013 0.96091060111
0.17700000000000013 1.15059302663
0.17800000000000013 1.14381728155
0.17900000000000013 1.21671738065
0.18000000000000013 1.27527119039
0.18100000000000013 1.43729127913
0.18200000000000013 1.42277486674
0.18300000000000013 1.5681566598
0.18400000000000014 1.72180932549
0.18500000000000014 1.88962517646
0.18600000000000014 1.76733018736
0.18700000000000014 1.77356333187
0.18800000000000014 1.88551246529
0.18900000000000014 1.94351861638
0.19000000000000014 1.89123272356
0.19100000000000014 1.9765695286
0.19200000000000014 1.78027035128
0.19300000000000014 1.58425976936
0.19400000000000014 1.53606905717
0.19500000000000015 1.75668854918
0.19600000000000015 1.62245547748
0.19700000000000015 1.43534340392
0.19800000000000015 1.24899011497
0.19900000000000015 1.31789728902
0.20000000000000015 1.16958996723
0.20100000000000015 1.18661102321
0.20200000000000015 1.13905232273
0.20300000000000015 1.19739222045
0.20400000000000015 1.14838133881
0.20500000000000015 1.0760754137
0.20600000000000016 1.00243360385
0.20700000000000016 0.999369272152
0.20800000000000016 1.02539156537
0.20900000000000016 0.959204961632
0.21000000000000016 0.899907249923
0.21100000000000016 0.8900855956
0.21200000000000016 0.872428951981
0.21300000000000016 0.900793929198
0.21400000000000016 0.849561332775
0.21500000000000016 0.842105235795
0.21600000000000016 0.839673214967
0.21700000000000016 0.810787005938
0.21800000000000017 0.78500223565
0.21900000000000017 0.718777992138
0.22000000000000017 0.771750096527
0.22100000000000017 0.750918491125
0.22200000000000017 0.717249154438
0.22300000000000017 0.708349996851
0.22400000000000017 0.700316366704
0.22500000000000017 0.692135665612
0.22600000000000017 0.681572937212
0.22700000000000017 0.633171704387
0.22800000000000017 0.653347257786
0.22900000000000018 0.66020930452
0.23000000000000018 0.635613911303
0.23100000000000018 0.627976022759
0.23200000000000018 0.605276755339
0.23300000000000018 0.621168824377
0.23400000000000018 0.57636647816
0.23500000000000018 0.582829470451
0.23600000000000018 0.567635436742
0.23700000000000018 0.559621002777
0.23800000000000018 0.540687880119
0.23900000000000018 0.559963016737
0.24000000000000019 0.539279345957
0.2410000000000002 0.527372108042
0.2420000000000002 0.515006571964
0.2430000000000002 0.518576922264
0.2440000000000002 0.509485196446
0.2450000000000002 0.501299407963
0.2460000000000002 0.487333937742
0.2470000000000002 0.488313374949
0.2480000000000002 0.479156627416
0.2490000000000002 0.479521123026
0.25000000000000017 0.474903971939
0.25100000000000017 0.480778055096
0.25200000000000017 0.456852473271
0.25300000000000017 0.454643335434
0.25400000000000017 0.443270571324
0.25500000000000017 0.438074156345
0.25600000000000017 0.429256208948
0.2570000000000002 0.411013575675
0.2580000000000002 0.412122762571
0.2590000000000002 0.408446407794
0.2600000000000002 0.418035273414
0.2610000000000002 0.402139848646
0.2620000000000002 0.39915180536
0.2630000000000002 0.384031590368
0.2640000000000002 0.380473200257
0.2650000000000002 0.381959430598
0.2660000000000002 0.379406693631
0.2670000000000002 0.369301573764
0.2680000000000002 0.363194074493
0.2690000000000002 0.363435046989
0.2700000000000002 0.356102026909
0.2710000000000002 0.357852848614
0.2720000000000002 0.347197324278
0.2730000000000002 0.347966068781
0.2740000000000002 0.346614713887
0.2750000000000002 0.334195901553
0.2760000000000002 0.326021173433
0.2770000000000002 0.32618258415
0.2780000000000002 0.321842179636
0.2790000000000002 0.307383848658
0.2800000000000002 0.311724023975
0.2810000000000002 0.31245313666
0.2820000000000002 0.306383484053
0.2830000000000002 0.295343600316
0.2840000000000002 0.300005482678
0.2850000000000002 0.302997072774
0.2860000000000002 0.299381123943
0.2870000000000002 0.281433749528
0.2880000000000002 0.278991760823
0.2890000000000002 0.283581666911
0.2900000000000002 0.267354537588
0.2910000000000002 0.27768930721
0.2920000000000002 0.260868386259
0.2930000000000002 0.267540852228
0.2940000000000002 0.265043855475
0.2950000000000002 0.264633274204
0.2960000000000002 0.259356962719
0.2970000000000002 0.254382586308
0.2980000000000002 0.246181808935
0.2990000000000002 0.2420761963
0.3000000000000002 0.245750131349
0.3010000000000002 0.24449626018
0.3020000000000002 0.240393779049
0.3030000000000002 0.236172094685
0.3040000000000002 0.233347864896
0.3050000000000002 0.232660363131
0.3060000000000002 0.222659249623
0.3070000000000002 0.223678812185
0.3080000000000002 0.2209328993
0.3090000000000002 0.222313683119
0.3100000000000002 0.205369186567
0.3110000000000002 0.212319520404
0.3120000000000002 0.207563780278
0.3130000000000002 0.206772067781
0.3140000000000002 0.206516079222
0.3150000000000002 0.203846191017
0.3160000000000002 0.19993405322
0.3170000000000002 0.200315489577
0.3180000000000002 0.191161960457
0.31900000000000023 0.186802887544
0.32000000000000023 0.191267970612
0.32100000000000023 0.185097971621
0.32200000000000023 0.187940461246
0.32300000000000023 0.185123118058
0.32400000000000023 0.182177714904
0.32500000000000023 0.180964062376
0.32600000000000023 0.173532834378
0.32700000000000023 0.17436354441
0.32800000000000024 0.174464468406
0.32900000000000024 0.172826692587
0.33000000000000024 0.165917080115
0.33100000000000024 0.165702730583
0.33200000000000024 0.166198362771
0.33300000000000024 0.16260354619
0.33400000000000024 0.164064277134
0.33500000000000024 0.154837894486
0.33600000000000024 0.1554025644
0.33700000000000024 0.156467368792
0.33800000000000024 0.150028947974
0.33900000000000025 0.15380929276
0.34000000000000025 0.147774827092
0.34100000000000025 0.148333027034
0.34200000000000025 0.149942494771
0.34300000000000025 0.146505311918
0.34400000000000025 0.144822749571
0.34500000000000025 0.132872761366
0.34600000000000025 0.136819139874
0.34700000000000025 0.136437431061
0.34800000000000025 0.133854492991
0.34900000000000025 0.137903545808
0.35000000000000026 0.132605565
0.35100000000000026 0.132600199777
0.35200000000000026 0.128264421824
0.35300000000000026 0.127754558868
0.35400000000000026 0.126435135777
0.35500000000000026 0.127564078866
0.35600000000000026 0.122958084546
0.35700000000000026 0.121928237534
0.35800000000000026 0.120340066944
0.35900000000000026 0.116602436073
0.36000000000000026 0.120666590628
0.36100000000000027 0.119309221208
0.36200000000000027 0.116615360891
0.36300000000000027 0.114133569999
0.36400000000000027 0.114701124678
0.36500000000000027 0.110695429005
0.36600000000000027 0.109491917078
0.36700000000000027 0.108301024507
0.36800000000000027 0.109478634692
0.36900000000000027 0.106705440925
0.3700000000000003 0.103894963396
0.3710000000000003 0.101592016224
0.3720000000000003 0.10075528
0.3730000000000003 0.100990808743
0.3740000000000003 0.101215589576
0.3750000000000003 0.100102488834
0.3760000000000003 0.0982938082628
0.3770000000000003 0.0965775399992
0.3780000000000003 0.0966823670649
0.3790000000000003 0.0973937789238
0.3800000000000003 0.0914425038245
0.3810000000000003 0.0910807354649
0.3820000000000003 0.0925976729891
0.3830000000000003 0.0914842053886
0.3840000000000003 0.0898443312274
0.3850000000000003 0.0869512617188
0.3860000000000003 0.0867971910564
0.3870000000000003 0.0855452675073
0.3880000000000003 0.0843473499473
0.3890000000000003 0.0836262551087
0.3900000000000003 0.082203224464
0.3910000000000003 0.0802443740863
0.3920000000000003 0.079353937831
0.3930000000000003 0.0822812469406
0.3940000000000003 0.0798242615037
0.3950000000000003 0.0781234003411
0.3960000000000003 0.0774596982444
0.3970000000000003 0.0743713397854
0.3980000000000003 0.0751827489864
0.3990000000000003 0.0748264378787
0.4000000000000003 0.0743826403571
0.4010000000000003 0.0739314888453
0.4020000000000003 0.0712891718311
0.4030000000000003 0.0721734342859
0.4040000000000003 0.0683124477484
0.4050000000000003 0.0656067131712
0.4060000000000003 0.070403983646
0.4070000000000003 0.0694322159254
0.4080000000000003 0.0654060717138
0.4090000000000003 0.06691252114
0.4100000000000003 0.0651373386783
0.4110000000000003 0.0653066188581
0.4120000000000003 0.0636649967698
0.4130000000000003 0.0645085743871
0.4140000000000003 0.0618270052467
0.4150000000000003 0.0606197418252
0.4160000000000003 0.0613784809061
0.4170000000000003 0.05993716507
0.4180000000000003 0.0572335570963
0.4190000000000003 0.0571896594781
0.4200000000000003 0.0589697001
0.4210000000000003 0.056733793088
0.4220000000000003 0.0564525778003
0.4230000000000003 0.0567504633793
0.4240000000000003 0.0545178043464
0.4250000000000003 0.0524328686047
0.4260000000000003 0.0557780696219
0.4270000000000003 0.0531569678373
0.4280000000000003 0.0520873198958
0.4290000000000003 0.053259948881
0.4300000000000003 0.051183912107
0.4310000000000003 0.0492427162076
0.43200000000000033 0.051645491665
0.43300000000000033 0.0483670309235
0.43400000000000033 0.047328528289
0.43500000000000033 0.0488291559101
0.43600000000000033 0.0475263626217
0.43700000000000033 0.0472037444577
0.43800000000000033 0.0481480684547
0.43900000000000033 0.0468371515402
0.44000000000000034 0.0466836666102
0.44100000000000034 0.0442387545587
0.44200000000000034 0.0449859623645
0.44300000000000034 0.0448124673291
0.44400000000000034 0.0436783533531
0.44500000000000034 0.0426108244428
0.44600000000000034 0.0422511700947
0.44700000000000034 0.04269386638
0.44800000000000034 0.04092912
0.44900000000000034 0.0411009394084
0.45000000000000034 0.041115302901
0.45100000000000035 0.0402870169812
0.45200000000000035 0.0389198077633
0.45300000000000035 0.0393880206036
0.45400000000000035 0.0371355755799
0.45500000000000035 0.0380061998063
0.45600000000000035 0.037446110798
0.45700000000000035 0.0365426744164
0.45800000000000035 0.036793370543
0.45900000000000035 0.0360474116097
0.46000000000000035 0.034760157556
0.46100000000000035 0.03566975207
0.46200000000000035 0.0339859952438
0.46300000000000036 0.0344163380548
0.46400000000000036 0.0348467680633
0.46500000000000036 0.0340901835337
0.46600000000000036 0.0336951600348
0.46700000000000036 0.0323845690796
0.46800000000000036 0.0327224300464
0.46900000000000036 0.0323638264337
0.47000000000000036 0.0297864737551
0.47100000000000036 0.0312066009702
0.47200000000000036 0.0315551027428
0.47300000000000036 0.0302099987395
0.47400000000000037 0.0307320154982
0.47500000000000037 0.0289891863839
0.47600000000000037 0.029563208471
0.47700000000000037 0.0291609610947
0.47800000000000037 0.0293921898473
0.47900000000000037 0.0288276040558
0.48000000000000037 0.0276264569388
0.48100000000000037 0.0287589123453
0.4820000000000004 0.0280699747132
0.4830000000000004 0.0264988623992
0.4840000000000004 0.0273713073698
0.4850000000000004 0.0271468924048
0.4860000000000004 0.0263871495048
0.4870000000000004 0.0258418068827
0.4880000000000004 0.0251326666914
0.4890000000000004 0.0247453037044
0.4900000000000004 0.0257523535609
0.4910000000000004 0.0244989328912
0.4920000000000004 0.0245691844661
0.4930000000000004 0.0240504561406
0.4940000000000004 0.0242900360265
0.4950000000000004 0.0236842887051
0.4960000000000004 0.0236829800216
0.4970000000000004 0.0226259018407
0.4980000000000004 0.022260949677
0.4990000000000004 0.0224050381222
0.5000000000000003 0.0223200714286
0.5010000000000003 0.0223224781124
0.5020000000000003 0.0217088366864
0.5030000000000003 0.0216667665026
0.5040000000000003 0.021206919744
0.5050000000000003 0.0215300614508
0.5060000000000003 0.0203089805284
0.5070000000000003 0.0202798336419
0.5080000000000003 0.0206145196662
0.5090000000000003 0.0194959707424
0.5100000000000003 0.0201354085214
0.5110000000000003 0.0190416220181
0.5120000000000003 0.0186630604591
0.5130000000000003 0.0188749573381
0.5140000000000003 0.0193411184762
0.5150000000000003 0.0182159837701
0.5160000000000003 0.0181928166355
0.5170000000000003 0.0174174478003
0.5180000000000003 0.0181205203688
0.5190000000000003 0.0177124295985
0.5200000000000004 0.0166990789179
0.5210000000000004 0.0166348246615
0.5220000000000004 0.0169061637754
0.5230000000000004 0.0169217247027
0.5240000000000004 0.0174979268161
0.5250000000000004 0.0167430976172
0.5260000000000004 0.016319613873
0.5270000000000004 0.0164888110255
0.5280000000000004 0.0155066487274
0.5290000000000004 0.0143557330055
0.5300000000000004 0.0149626751301
0.5310000000000004 0.0153479841919
0.5320000000000004 0.015086881676
0.5330000000000004 0.0140441132847
0.5340000000000004 0.014417276039
0.5350000000000004 0.0137940896159
0.5360000000000004 0.0141577196816
0.5370000000000004 0.0134527330237
0.5380000000000004 0.0143167012873
0.5390000000000004 0.0132874551269
0.5400000000000004 0.0130124309281
0.5410000000000004 0.0136099045833
0.5420000000000004 0.0134403309955
0.5430000000000004 0.0126184931938
0.5440000000000004 0.013083091905
0.5450000000000004 0.0128201020293
0.5460000000000004 0.0122615299974
0.5470000000000004 0.0122368580012
0.5480000000000004 0.011883589956
0.5490000000000004 0.0122899375559
0.5500000000000004 0.0121318009877
0.5510000000000004 0.0110172619673
0.5520000000000004 0.0117068660405
0.5530000000000004 0.0112721734711
0.5540000000000004 0.0117903675158
0.5550000000000004 0.0111028377384
0.5560000000000004 0.0105092876966
0.5570000000000004 0.0112173564135
0.5580000000000004 0.00999043553056
0.5590000000000004 0.0104889743968
0.5600000000000004 0.0109273164
0.5610000000000004 0.0102703890444
0.5620000000000004 0.0101195031754
0.5630000000000004 0.0102268657068
0.5640000000000004 0.0100082859939
0.5650000000000004 0.00967506631211
0.5660000000000004 0.00958008436753
0.5670000000000004 0.00995131873561
0.5680000000000004 0.00913313966855
0.5690000000000004 0.00956661350318
0.5700000000000004 0.00951007952181
0.5710000000000004 0.0091303036989
0.5720000000000004 0.00906617588918
0.5730000000000004 0.00879410129813
0.5740000000000004 0.00879824378944
0.5750000000000004 0.00884401200395
0.5760000000000004 0.00892764316212
0.5770000000000004 0.00794837200061
0.5780000000000004 0.00848528520728
0.5790000000000004 0.00837732152768
0.5800000000000004 0.00789553584235
0.5810000000000004 0.00764138977748
0.5820000000000004 0.0080726914675
0.5830000000000004 0.00783567961707
0.5840000000000004 0.00886802141778
0.5850000000000004 0.0070050880991
0.5860000000000004 0.00711001319449
0.5870000000000004 0.00754063754438
0.5880000000000004 0.00669383304975
0.5890000000000004 0.0072805195061
0.5900000000000004 0.00681866804898
0.5910000000000004 0.00733004447936
0.5920000000000004 0.00680205463763
0.5930000000000004 0.00689144475362
0.5940000000000004 0.00682201824078
0.5950000000000004 0.00710651801523
0.5960000000000004 0.00701659025655
0.5970000000000004 0.00601087233485
0.5980000000000004 0.0062173396342
0.5990000000000004 0.00584330482837
0.6000000000000004 0.00675352182398
0.6010000000000004 0.00644866289268
0.6020000000000004 0.00614094456275
0.6030000000000004 0.00574198427927
0.6040000000000004 0.00584968019244
0.6050000000000004 0.00612633398341
0.6060000000000004 0.00648155508556
0.6070000000000004 0.00583760808673
0.6080000000000004 0.00599428281992
0.6090000000000004 0.00555540651211
0.6100000000000004 0.00529836595379
0.6110000000000004 0.00551580396593
0.6120000000000004 0.00524125407967
0.6130000000000004 0.00517484526784
0.6140000000000004 0.00516733173867
0.6150000000000004 0.00517833817569
0.6160000000000004 0.005104733359
0.6170000000000004 0.00532125336138
0.6180000000000004 0.00519872598311
0.6190000000000004 0.00499860111182
0.6200000000000004 0.00499675872449
0.6210000000000004 0.00419786903538
0.6220000000000004 0.00443539608784
0.6230000000000004 0.00484848915069
0.6240000000000004 0.00479608313069
0.6250000000000004 0.00437650358239
0.6260000000000004 0.00468586114377
0.6270000000000004 0.00453003148428
0.6280000000000004 0.00470307837224
0.6290000000000004 0.00399977394416
0.6300000000000004 0.0043155504
0.6310000000000004 0.00470350522182
0.6320000000000005 0.00390058920978
0.6330000000000005 0.00395879914267
0.6340000000000005 0.00463423275584
0.6350000000000005 0.00408816133794
0.6360000000000005 0.00370968221714
0.6370000000000005 0.003824256891
0.6380000000000005 0.0043161604955
0.6390000000000005 0.00387524961478
0.6400000000000005 0.0036393461551
0.6410000000000005 0.00391534164995
0.6420000000000005 0.00360252772208
0.6430000000000005 0.00351694063549
0.6440000000000005 0.003606645824
0.6450000000000005 0.00366671699541
0.6460000000000005 0.00344847586186
0.6470000000000005 0.00360833269263
0.6480000000000005 0.00359368411298
0.6490000000000005 0.00305540709689
0.6500000000000005 0.00344921873007
0.6510000000000005 0.00323658756211
0.6520000000000005 0.00276324323584
0.6530000000000005 0.00289517569885
0.6540000000000005 0.00307033530153
0.6550000000000005 0.00347754531582
0.6560000000000005 0.00255598231869
0.6570000000000005 0.00340435399886
0.6580000000000005 0.002698671239
0.6590000000000005 0.00307892820971
0.6600000000000005 0.00284949962449
0.6610000000000005 0.00298000393685
0.6620000000000005 0.00274802241763
0.6630000000000005 0.00285893659171
0.6640000000000005 0.00288414367869
0.6650000000000005 0.0025926659
0.6660000000000005 0.00264574591182
0.6670000000000005 0.00253105296546
0.6680000000000005 0.00259942554898
0.6690000000000005 0.00262244257696
0.6700000000000005 0.0027234030102
0.6710000000000005 0.00257534176563
0.6720000000000005 0.002337831936
0.6730000000000005 0.0023447949461
0.6740000000000005 0.00236731335671
0.6750000000000005 0.00266969284439
0.6760000000000005 0.00241538628367
0.6770000000000005 0.00218542491584
0.6780000000000005 0.00219244627413
0.6790000000000005 0.00240902096569
0.6800000000000005 0.00196593370612
0.6810000000000005 0.00214631430153
0.6820000000000005 0.0021993127301
0.6830000000000005 0.00201321182102
0.6840000000000005 0.00211818223469
0.6850000000000005 0.00196030474375
0.6860000000000005 0.001738263975
0.6870000000000005 0.00216930196428
0.6880000000000005 0.00180031303763
0.6890000000000005 0.00208561753381
0.6900000000000005 0.00184100096939
0.6910000000000005 0.00179881465853
0.6920000000000005 0.00175221223967
0.6930000000000005 0.00200751677775
0.6940000000000005 0.00179572576482
0.6950000000000005 0.00193457427092
0.6960000000000005 0.00172214583869
0.6970000000000005 0.00187854408724
0.6980000000000005 0.00190078911998
0.6990000000000005 0.00183861304159
0.7000000000000005 0.0014010975
0.7010000000000005 0.00183318647339
0.7020000000000005 0.00176905573053
0.7030000000000005 0.00163685046569
0.7040000000000005 0.00150354722482
0.7050000000000005 0.00154244101224
0.7060000000000005 0.00137302842539
0.7070000000000005 0.001378471331
0.7080000000000005 0.00141581505306
0.7090000000000005 0.00152750890496
0.7100000000000005 0.00151172131378
0.7110000000000005 0.00178066161386
0.7120000000000005 0.00159087045192
0.7130000000000005 0.00133010080155
0.7140000000000005 0.001190332044
0.7150000000000005 0.00113990394375
0.7160000000000005 0.00146671666278
0.7170000000000005 0.00134506665624
0.7180000000000005 0.00138487631927
0.7190000000000005 0.00122517383199
0.7200000000000005 0.00135634599184
0.7210000000000005 0.001177344384
0.7220000000000005 0.00142022878313
0.7230000000000005 0.00105546185959
0.7240000000000005 0.00113200353624
0.7250000000000005 0.00115357524235
0.7260000000000005 0.00149039882155
0.7270000000000005 0.000974262314204
0.7280000000000005 0.001200316416
0.7290000000000005 0.00114928844312
0.7300000000000005 0.00122560202806
0.7310000000000005 0.0010226033741
0.7320000000000005 0.00111954137069
0.7330000000000005 0.00112260231628
0.7340000000000005 0.0010499557301
0.7350000000000005 0.00109078869375
0.7360000000000005 0.000960946593959
0.7370000000000005 0.00115395699796
0.7380000000000005 0.00106143057092
0.7390000000000005 0.000911060785587
0.7400000000000005 0.000874413826531
0.7410000000000005 0.000876778703954
0.7420000000000005 0.001150990559
0.7430000000000005 0.000823105059
0.7440000000000005 0.000864374705633
0.7450000000000006 0.000944947053061
0.7460000000000006 0.000810125452061
0.7470000000000006 0.000950027404408
0.7480000000000006 0.000972278076
0.7490000000000006 0.000994631875
0.7500000000000006 0.000818836415816
0.7510000000000006 0.000920484162673
0.7520000000000006 0.000922937150694
0.7530000000000006 0.000885413482531
0.7540000000000006 0.00068698777298
0.7550000000000006 0.000749265871301
0.7560000000000006 0.000892984176
0.7570000000000006 0.000773487506347
0.7580000000000006 0.000937723625388
0.7590000000000006 0.000532945465531
0.7600000000000006 0.000657096620408
0.7610000000000006 0.00100636751775
0.7620000000000006 0.000598889848959
0.7630000000000006 0.000703485891
0.7640000000000006 0.000643372959918
0.7650000000000006 0.000645058284566
0.7660000000000006 0.000605193909204
0.7670000000000006 0.000523382114158
0.7680000000000006 0.000420099134694
0.7690000000000006 0.000568041463423
0.7700000000000006 0.0004643859
0.7710000000000006 0.00073933599375
0.7720000000000006 0.000593928463347
0.7730000000000006 0.000468011540633
0.7740000000000006 0.000490481248959
0.7750000000000006 0.000470436466837
0.7760000000000006 0.000535736938776
0.7770000000000006 0.000729538731
0.7780000000000006 0.000667168112633
0.7790000000000006 0.000475305117122
0.7800000000000006 0.0006059664
0.7810000000000006 0.000585907997097
0.7820000000000006 0.00056573458049
0.7830000000000006 0.000547005004711
0.7840000000000006 0.000503237056
0.7850000000000006 0.000482655087245
0.7860000000000006 0.000549633558673
0.7870000000000006 0.000419145330566
0.7880000000000006 0.000640456214776
0.7890000000000006 0.00046549007775
0.7900000000000006 0.000643711387245
0.7910000000000006 0.00055664859375
0.7920000000000006 0.000558056938776
0.7930000000000006 0.000336161499872
0.7940000000000006 0.000404238136408
0.7950000000000006 0.00047259669375
0.7960000000000006 0.00049654804898
0.7970000000000006 0.000745109879587
0.7980000000000006 0.000543960576
0.7990000000000006 0.000567965175383
0.8000000000000006 0.000364878367347
0.8010000000000006 0.000593559488388
0.8020000000000006 0.000458118767347
0.8030000000000006 0.000459261920408
0.8040000000000006 0.000506302033959
0.8050000000000006 0.000323364475
0.8060000000000006 0.000508824082531
0.8070000000000006 0.000394440918566
0.8080000000000006 0.00039541907298
0.8090000000000006 0.000442906659995
0.8100000000000006 0.000374057338776
0.8110000000000006 0.00028139720498
0.8120000000000006 0.0004696144
0.8130000000000006 0.00049423956975
0.8140000000000006 0.000424859259673
0.8150000000000006 0.00023688432398
0.8160000000000006 0.000403287916408
0.8170000000000006 0.00016670537775
0.8180000000000006 0.000190959796245
0.8190000000000006 0.000239215275
0.8200000000000006 0.000359442397959
0.8210000000000006 0.000192363047837
0.8220000000000006 0.000337166316
0.8230000000000006 0.000313890155097
0.8240000000000006 0.000242145012245
0.8250000000000006 0.000315417598852
0.8260000000000006 0.0002433219
0.8270000000000006 0.000243911413776
0.8280000000000006 0.000317715715837
0.8290000000000006 0.000269563269587
0.8300000000000006 0.000539577410204
0.8310000000000006 0.000320022174444
0.8320000000000006 0.000370237419102
0.8330000000000006 0.000198027424
0.8340000000000006 0.00047070332798
0.8350000000000006 0.000323110428444
0.8360000000000006 0.000274134824408
0.8370000000000006 0.000299729153388
0.8380000000000006 0.00047522929549
0.8390000000000006 0.000301163262122
0.8400000000000006 0.0003520944
0.8410000000000006 0.000378088605995
0.8420000000000006 0.000278083894673
0.8430000000000006 0.000202810522776
0.8440000000000006 0.000279406527265
0.8450000000000006 0.000280069020281
0.8460000000000006 0.000204256582531
0.8470000000000006 0.00028139635975
0.8480000000000006 0.000153961633959
0.8490000000000006 0.000282726837138
0.8500000000000006 0.000180444375
0.8510000000000006 0.000206678097633
0.8520000000000006 0.000310568397061
0.8530000000000006 0.00018172034775
0.8540000000000006 0.000182146671
0.8550000000000006 0.00031275934898
0.8560000000000006 0.000235219471347
0.8570000000000007 0.000314224261959
0.8580000000000007 0.000236319911816
0.8590000000000007 0.000236871095097
0.8600000000000007 0.000263765510204
0.8610000000000007 0.000105842484
0.8620000000000007 0.000238528497122
0.8630000000000007 0.000292128040566
0.8640000000000007 0.000319378411102
0.8650000000000007 5.34293729592e-05
0.8660000000000007 0.000187301511
0.8670000000000007 2.68422005663e-05
0.8680000000000007 2.6904156e-05
0.8690000000000007 0.000215513702531
0.8700000000000007 0.000135064170918
0.8710000000000007 0.00018947058975
0.8720000000000007 0.000189905904
0.8730000000000007 5.44222320612e-05
0.8740000000000007 0.000136308995408
0.8750000000000007 0.00013662109375
0.8760000000000007 0.000164296767673
0.8770000000000007 0.000109812785388
0.8780000000000007 0.000137559530102
0.8790000000000007 0.000248029587138
0.8800000000000007 0.000165800620408
0.8810000000000007 0.000166177654102
0.8820000000000007 0.000111068496
0.8830000000000007 0.000333579595837
0.8840000000000007 0.000139446038776
0.8850000000000007 0.000225344771676
0.8860000000000007 0.000196052751
0.8870000000000007 5.61817292041e-05
0.8880000000000007 5.63084786939e-05
0.8890000000000007 8.464095975e-05
0.8900000000000007 0.000113092481633
0.8910000000000007 8.5022224852e-05
0.8920000000000007 0.000198717084
0.8930000000000007 0.000142299891709
0.8940000000000007 0.000199609191
0.8950000000000007 8.57873253827e-05
0.8960000000000007 8.5979136e-05
0.8970000000000007 0.00011487846049
0.8980000000000007 0.000115134742531
0.8990000000000007 8.65558530153e-05
0.9000000000000007 5.78406122449e-05
0.9010000000000007 5.79692183469e-05
0.9020000000000007 0.000116162726204
0.9030000000000007 0.00014550474375
0.9040000000000007 2.91821162449e-05
0.9050000000000007 8.77150702806e-05
0.9060000000000007 8.79090228367e-05
0.9070000000000007 8.81031895867e-05
0.9080000000000007 8.82975705306e-05
0.9090000000000007 8.84921656684e-05
0.9100000000000007 0.000147769375
0.9110000000000007 0.000148094321301
0.9120000000000007 0.000118752673959
0.9130000000000007 2.97660685255e-05
0.9140000000000007 8.94683542653e-05
0.9150000000000007 0.000119535226531
0.9160000000000007 0.00011979664849
0.9170000000000007 9.005663775e-05
0.9180000000000007 0.000150378938265
0.9190000000000007 9.04498977092e-05
0.9200000000000007 3.02242530612e-05
0.9210000000000007 0.000121108041551
0.9220000000000007 6.07029370612e-05
0.9230000000000007 6.08346851224e-05
0.9240000000000007 0.000121898304
0.9250000000000007 0.000122162295918
0.9260000000000007 9.18330546735e-05
0.9270000000000007 9.2031505301e-05
0.9280000000000007 6.14955676735e-05
0.9290000000000007 0.000154004382526
0.9300000000000007 3.08848729592e-05
0.9310000000000007 0.000123752244
0.9320000000000007 6.20268444082e-05
0.9330000000000007 0.0
0.9340000000000007 3.11511206327e-05
0.9350000000000007 6.24268015306e-05
0.9360000000000007 6.25604062041e-05
0.9370000000000007 6.26941536939e-05
0.9380000000000007 3.1418511e-05
0.9390000000000007 3.14855371378e-05
0.9400000000000007 6.30962530612e-05
0.9410000000000007 9.48323044439e-05
0.9420000000000007 6.33650333878e-05
0.9430000000000007 6.34996377755e-05
0.9440000000000007 6.36343849796e-05
0.9450000000000007 6.3769275e-05
0.9460000000000007 9.58427640612e-05
0.9470000000000007 0.0
0.9480000000000007 6.41748019592e-05
0.9490000000000007 6.43102632449e-05
0.9500000000000007 3.22275382653e-05
0.9510000000000007 6.45816142653e-05
0.9520000000000007 3.2363376e-05
0.9530000000000007 6.4853536551e-05
0.9540000000000007 9.74706375306e-05
0.9550000000000007 9.76750855867e-05
0.9560000000000007 0.000130487678694
0.9570000000000007 3.27042201582e-05
0.9580000000000007 0.0
0.9590000000000007 6.5672731e-05
0.9600000000000007 0.0
0.9610000000000007 6.59469383469e-05
0.9620000000000007 0.0
0.9630000000000007 6.62217169592e-05
0.9640000000000007 3.3184401551e-05
0.9650000000000007 3.32532845663e-05
0.9660000000000007 0.000133231824
0.9670000000000007 3.3391264852e-05
0.9680000000000007 3.34603621224e-05
0.9690000000000007 3.35295308112e-05
0.9700000000000008 0.0
0.9710000000000008 0.000100975384852
0.9720000000000008 6.74652901224e-05
0.9730000000000008 3.380691975e-05
0.9740000000000008 3.38764455306e-05
0.9750000000000008 3.39460427296e-05
0.9760000000000008 6.80217025306e-05
0.9770000000000008 0.0
0.9780000000000008 6.83007656327e-05
0.9790000000000008 0.0
0.9800000000000008 3.42951e-05
0.9810000000000008 0.0
0.9820000000000008 3.44352228367e-05
0.9830000000000008 3.45053913827e-05
0.9840000000000008 3.45756313469e-05
0.9850000000000008 3.46459427296e-05
0.9860000000000008 0.0
0.9870000000000008 0.0
0.9880000000000008 0.0
0.9890000000000008 6.98458240612e-05
0.9900000000000008 3.49985709184e-05
0.9910000000000008 0.0
0.9920000000000008 0.0
0.9930000000000008 0.0
0.9940000000000008 3.5281959e-05
0.9950000000000008 7.06958668367e-05
0.9960000000000008 0.0
0.9970000000000008 0.0
0.9980000000000008 0.000106668979408
0.9990000000000008 0.0
1.0000000000000007 3.57142849852e-05
