0.0 0.015625
0.001 1.67410714286e-06
0.002 3.06919642857e-06
0.003 2.98549107143e-05
0.004 7.25446428571e-06
0.005 -7.08705357143e-05
0.006 5.32924107143e-05
0.007 1.11607142857e-06
0.008 0.000114676339286
0.009000000000000001 -3.90625e-06
0.010000000000000002 -9.68191964286e-05
0.011000000000000003 -0.000121930803571
0.012000000000000004 -2.70647321429e-05
0.013000000000000005 -9.09598214286e-05
0.014000000000000005 6.640625e-05
0.015000000000000006 0.000115792410714
0.016000000000000007 3.34821428571e-06
0.017000000000000008 -3.57142857143e-05
0.01800000000000001 5.6640625e-05
0.01900000000000001 -3.57142857143e-05
0.02000000000000001 2.20424107143e-05
0.02100000000000001 9.1796875e-05
0.022000000000000013 4.15736607143e-05
0.023000000000000013 6.0546875e-05
0.024000000000000014 0.00015234375
0.025000000000000015 1.50669642857e-05
0.026000000000000016 -0.000220145089286
0.027000000000000017 8.48214285714e-05
0.028000000000000018 4.63169642857e-05
0.02900000000000002 5.69196428571e-05
0.03000000000000002 0.000109375
0.03100000000000002 0.000225167410714
0.03200000000000002 0.000337611607143
0.03300000000000002 3.79464285714e-05
0.03400000000000002 -0.000233816964286
0.035000000000000024 2.42745535714e-05
0.036000000000000025 -7.50558035714e-05
0.037000000000000026 9.93303571429e-05
0.03800000000000003 -6.11049107143e-05
0.03900000000000003 -4.77120535714e-05
0.04000000000000003 5.18973214286e-05
0.04100000000000003 3.04129464286e-05
0.04200000000000003 -0.000147042410714
0.04300000000000003 9.48660714286e-06
0.04400000000000003 -0.000404854910714
0.04500000000000003 0.000117745535714
0.046000000000000034 -1.03236607143e-05
0.047000000000000035 -2.00892857143e-05
0.048000000000000036 0.000110770089286
0.04900000000000004 0.000123046875
0.05000000000000004 5.859375e-06
0.05100000000000004 0.000148995535714
0.05200000000000004 -7.31026785714e-05
0.05300000000000004 -4.18526785714e-06
0.05400000000000004 -3.15290178571e-05
0.05500000000000004 -1.31138392857e-05
0.05600000000000004 -0.000151227678571
0.057000000000000044 2.70647321429e-05
0.058000000000000045 -0.000216238839286
0.059000000000000045 -0.000179129464286
0.060000000000000046 -7.44977678571e-05
0.06100000000000005 0.000189174107143
0.06200000000000005 0.000402622767857
0.06300000000000004 -0.000616071428571
0.06400000000000004 -0.000289899553571
0.06500000000000004 -0.000181919642857
0.06600000000000004 3.96205357143e-05
0.06700000000000005 2.00892857143e-05
0.06800000000000005 -2.39955357143e-05
0.06900000000000005 -0.000660993303571
0.07000000000000005 0.000132254464286
0.07100000000000005 -0.000118303571429
0.07200000000000005 4.6875e-05
0.07300000000000005 9.45870535714e-05
0.07400000000000005 5.69196428571e-05
0.07500000000000005 4.85491071429e-05
0.07600000000000005 9.87723214286e-05
0.07700000000000005 -0.000459821428571
0.07800000000000006 0.000450055803571
0.07900000000000006 -4.6875e-05
0.08000000000000006 9.90513392857e-05
0.08100000000000006 -0.000150948660714
0.08200000000000006 0.000435825892857
0.08300000000000006 -0.000249441964286
0.08400000000000006 -0.000181919642857
0.08500000000000006 0.000330636160714
0.08600000000000006 0.000364676339286
0.08700000000000006 2.37165178571e-05
0.08800000000000006 -2.31584821429e-05
0.08900000000000007 2.70647321429e-05
0.09000000000000007 -0.000877232142857
0.09100000000000007 0.000559430803571
0.09200000000000007 -0.000127790178571
0.09300000000000007 -0.000324776785714
0.09400000000000007 0.000144810267857
0.09500000000000007 -0.00125251116071
0.09600000000000007 0.000707589285714
0.09700000000000007 0.000210100446429
0.09800000000000007 0.000166294642857
0.09900000000000007 0.000782087053571
0.10000000000000007 0.000276785714286
0.10100000000000008 0.000218470982143
0.10200000000000008 -0.000460658482143
0.10300000000000008 -0.000864955357143
0.10400000000000008 0.000192801339286
0.10500000000000008 -0.000456194196429
0.10600000000000008 -0.000263671875
0.10700000000000008 -0.000950613839286
0.10800000000000008 -0.00113895089286
0.10900000000000008 -0.000392020089286
0.11000000000000008 5.91517857143e-05
0.11100000000000008 -0.000906808035714
0.11200000000000009 -0.000568359375
0.11300000000000009 -0.00190931919643
0.11400000000000009 -0.00140150669643
0.11500000000000009 0.000342912946429
0.11600000000000009 -0.00102511160714
0.11700000000000009 -0.002505859375
0.11800000000000009 1.70200892857e-05
0.11900000000000009 -0.000288504464286
0.12000000000000009 5.80357142857e-05
0.1210000000000001 -0.00129938616071
0.1220000000000001 0.00149330357143
0.1230000000000001 -0.00140904017857
0.1240000000000001 -0.000370256696429
0.12500000000000008 0.000429966517857
0.12600000000000008 5.2734375e-05
0.12700000000000009 0.00110044642857
0.12800000000000009 -0.00211495535714
0.1290000000000001 0.000307198660714
0.1300000000000001 -0.000760323660714
0.1310000000000001 -0.000393136160714
0.1320000000000001 -0.000810546875
0.1330000000000001 -0.00103850446429
0.1340000000000001 -0.00178292410714
0.1350000000000001 0.000393136160714
0.1360000000000001 -0.000127790178571
0.1370000000000001 0.00414313616071
0.1380000000000001 -0.00139899553571
0.1390000000000001 0.000600446428571
0.1400000000000001 -0.00180859375
0.1410000000000001 0.000768415178571
0.1420000000000001 -0.00140569196429
0.1430000000000001 0.000416015625
0.1440000000000001 0.00202734375
0.1450000000000001 0.00169308035714
0.1460000000000001 -0.00509375
0.1470000000000001 0.000834821428571
0.1480000000000001 0.00317578125
0.1490000000000001 0.00166936383929
0.1500000000000001 -0.0035703125
0.1510000000000001 -0.00461356026786
0.1520000000000001 0.00541768973214
0.1530000000000001 0.003125
0.1540000000000001 0.00176088169643
0.1550000000000001 -0.00658537946429
0.1560000000000001 0.00244084821429
0.1570000000000001 -0.00507059151786
0.1580000000000001 0.0118719308036
0.1590000000000001 -0.00343303571429
0.16000000000000011 0.00285128348214
0.16100000000000012 0.00210016741071
0.16200000000000012 -0.00551032366071
0.16300000000000012 0.00477511160714
0.16400000000000012 0.00465680803571
0.16500000000000012 0.00676199776786
0.16600000000000012 0.00281891741071
0.16700000000000012 0.0102025669643
0.16800000000000012 -0.0237262834821
0.16900000000000012 0.00458761160714
0.17000000000000012 0.0246196986607
0.17100000000000012 0.00683203125
0.17200000000000013 0.00599469866071
0.17300000000000013 -0.00854520089286
0.17400000000000013 -0.0310959821429
0.17500000000000013 -0.0240733816964
0.17600000000000013 0.00377483258929
0.17700000000000013 -0.0186434151786
0.17800000000000013 0.0496788504464
0.17900000000000013 -0.0748602120536
0.18000000000000013 -0.00814704241071
0.18100000000000013 0.00091015625
0.18200000000000013 -0.0796389508929
0.18300000000000013 -0.0994771205357
0.18400000000000014 0.0478551897321
0.18500000000000014 0.0289291294643
0.18600000000000014 0.0346632254464
0.18700000000000014 -0.0659056919643
0.18800000000000014 -0.280606863839
0.18900000000000014 0.103310267857
0.19000000000000014 -0.487354352679
0.19100000000000014 -0.220996651786
0.19200000000000014 -0.303508370536
0.19300000000000014 -0.476614955357
0.19400000000000014 -0.715779575893
0.19500000000000015 -0.250350167411
0.19600000000000015 -0.591370256696
0.19700000000000015 -0.758314174107
0.19800000000000015 -0.773355747768
0.19900000000000015 -0.781315290179
0.20000000000000015 -0.796366629464
0.20100000000000015 -0.80355859375
0.20200000000000015 -0.809756138393
0.20300000000000015 -0.809389229911
0.20400000000000015 -0.819371651786
0.20500000000000015 -0.829729073661
0.20600000000000016 -0.836789899554
0.20700000000000016 -0.843091517857
0.20800000000000016 -0.847447265625
0.20900000000000016 -0.851962890625
0.21000000000000016 -0.856942801339
0.21100000000000016 -0.861166573661
0.21200000000000016 -0.866588727679
0.21300000000000016 -0.869710100446
0.21400000000000016 -0.8725859375
0.21500000000000016 -0.876251953125
0.21600000000000016 -0.879687220982
0.21700000000000016 -0.884046037946
0.21800000000000017 -0.887280133929
0.21900000000000017 -0.891150390625
0.22000000000000017 -0.892718470982
0.22100000000000017 -0.896184988839
0.22200000000000017 -0.898705078125
0.22300000000000017 -0.901368582589
0.22400000000000017 -0.903651506696
0.22500000000000017 -0.905780133929
0.22600000000000017 -0.908094587054
0.22700000000000017 -0.910960658482
0.22800000000000017 -0.913151227679
0.22900000000000018 -0.914853236607
0.23000000000000018 -0.917568638393
0.23100000000000018 -0.918973772321
0.23200000000000018 -0.921343191964
0.23300000000000018 -0.922794642857
0.23400000000000018 -0.924742466518
0.23500000000000018 -0.926818917411
0.23600000000000018 -0.927719308036
0.23700000000000018 -0.929618024554
0.23800000000000018 -0.931494140625
0.23900000000000018 -0.932642020089
0.24000000000000019 -0.934567801339
0.2410000000000002 -0.935653738839
0.2420000000000002 -0.937386160714
0.2430000000000002 -0.938605189732
0.2440000000000002 -0.939598214286
0.2450000000000002 -0.941588727679
0.2460000000000002 -0.942512276786
0.2470000000000002 -0.944006975446
0.2480000000000002 -0.944983816964
0.2490000000000002 -0.946166294643
0.25000000000000017 -0.947196986607
0.25100000000000017 -0.948084542411
0.25200000000000017 -0.94959765625
0.25300000000000017 -0.950465959821
0.25400000000000017 -0.951529575893
0.25500000000000017 -0.952408482143
0.25600000000000017 -0.953595145089
0.2570000000000002 -0.954608537946
0.2580000000000002 -0.955725167411
0.2590000000000002 -0.956329241071
0.2600000000000002 -0.95727734375
0.2610000000000002 -0.958122488839
0.2620000000000002 -0.958903738839
0.2630000000000002 -0.959765625
0.2640000000000002 -0.960684430804
0.2650000000000002 -0.961162946429
0.2660000000000002 -0.962059430804
0.2670000000000002 -0.962982700893
0.2680000000000002 -0.963761439732
0.2690000000000002 -0.964226283482
0.2700000000000002 -0.964868303571
0.2710000000000002 -0.9656796875
0.2720000000000002 -0.966264229911
0.2730000000000002 -0.966977957589
0.2740000000000002 -0.967734095982
0.2750000000000002 -0.968142299107
0.2760000000000002 -0.96912890625
0.2770000000000002 -0.969569475446
0.2780000000000002 -0.970047712054
0.2790000000000002 -0.970719587054
0.2800000000000002 -0.971448660714
0.2810000000000002 -0.9717265625
0.2820000000000002 -0.972230189732
0.2830000000000002 -0.972781808036
0.2840000000000002 -0.973417689732
0.2850000000000002 -0.973525390625
0.2860000000000002 -0.974124162946
0.2870000000000002 -0.974671595982
0.2880000000000002 -0.975302734375
0.2890000000000002 -0.975818917411
0.2900000000000002 -0.976211774554
0.2910000000000002 -0.976529296875
0.2920000000000002 -0.977018694196
0.2930000000000002 -0.977340401786
0.2940000000000002 -0.977781529018
0.2950000000000002 -0.978090122768
0.2960000000000002 -0.978571428571
0.2970000000000002 -0.979194754464
0.2980000000000002 -0.979286830357
0.2990000000000002 -0.979904575893
0.3000000000000002 -0.980247488839
0.3010000000000002 -0.980569754464
0.3020000000000002 -0.980880859375
0.3030000000000002 -0.981197823661
0.3040000000000002 -0.98134765625
0.3050000000000002 -0.981929966518
0.3060000000000002 -0.982142299107
0.3070000000000002 -0.982520089286
0.3080000000000002 -0.982820870536
0.3090000000000002 -0.983234654018
0.3100000000000002 -0.983629743304
0.3110000000000002 -0.983768136161
0.3120000000000002 -0.984014229911
0.3130000000000002 -0.984349888393
0.3140000000000002 -0.984602120536
0.3150000000000002 -0.984798549107
0.3160000000000002 -0.985165457589
0.3170000000000002 -0.985486607143
0.3180000000000002 -0.985717354911
0.31900000000000023 -0.985976283482
0.32000000000000023 -0.986194196429
0.32100000000000023 -0.986428571429
0.32200000000000023 -0.986590122768
0.32300000000000023 -0.986842633929
0.32400000000000023 -0.987192801339
0.32500000000000023 -0.987261997768
0.32600000000000023 -0.987614676339
0.32700000000000023 -0.987848772321
0.32800000000000024 -0.987948381696
0.32900000000000024 -0.988147321429
0.33000000000000024 -0.988502511161
0.33100000000000024 -0.988665178571
0.33200000000000024 -0.988823660714
0.33300000000000024 -0.988967075893
0.33400000000000024 -0.98916796875
0.33500000000000024 -0.989392299107
0.33600000000000024 -0.989611607143
0.33700000000000024 -0.989801339286
0.33800000000000024 -0.990030412946
0.33900000000000025 -0.989974609375
0.34000000000000025 -0.990308314732
0.34100000000000025 -0.990412109375
0.34200000000000025 -0.99059765625
0.34300000000000025 -0.990750279018
0.34400000000000025 -0.990943917411
0.34500000000000025 -0.991130859375
0.34600000000000025 -0.991265066964
0.34700000000000025 -0.991425502232
0.34800000000000025 -0.9915234375
0.34900000000000025 -0.991604631696
0.35000000000000026 -0.991812220982
0.35100000000000026 -0.992018973214
0.35200000000000026 -0.992115513393
0.35300000000000026 -0.992282087054
0.35400000000000026 -0.992430803571
0.35500000000000026 -0.992489397321
0.35600000000000026 -0.992620256696
0.35700000000000026 -0.992727120536
0.35800000000000026 -0.992825892857
0.35900000000000026 -0.993082310268
0.36000000000000026 -0.993116908482
0.36100000000000027 -0.993229631696
0.36200000000000027 -0.9933515625
0.36300000000000027 -0.993426060268
0.36400000000000027 -0.993529296875
0.36500000000000027 -0.993629464286
0.36600000000000027 -0.993744419643
0.36700000000000027 -0.993890066964
0.36800000000000027 -0.993939732143
0.36900000000000027 -0.994082589286
0.3700000000000003 -0.994233537946
0.3710000000000003 -0.994235212054
0.3720000000000003 -0.994428292411
0.3730000000000003 -0.994464006696
0.3740000000000003 -0.994602957589
0.3750000000000003 -0.9946640625
0.3760000000000003 -0.994755580357
0.3770000000000003 -0.994878069196
0.3780000000000003 -0.994920200893
0.3790000000000003 -0.994952566964
0.3800000000000003 -0.995137834821
0.3810000000000003 -0.995209821429
0.3820000000000003 -0.995249720982
0.3830000000000003 -0.995337890625
0.3840000000000003 -0.995401506696
0.3850000000000003 -0.995521484375
0.3860000000000003 -0.995470145089
0.3870000000000003 -0.995626395089
0.3880000000000003 -0.995724888393
0.3890000000000003 -0.995761160714
0.3900000000000003 -0.995797712054
0.3910000000000003 -0.995948102679
0.3920000000000003 -0.99602734375
0.3930000000000003 -0.995969587054
0.3940000000000003 -0.996162946429
0.3950000000000003 -0.996137834821
0.3960000000000003 -0.996245814732
0.3970000000000003 -0.996357700893
0.3980000000000003 -0.996367745536
0.3990000000000003 -0.996416015625
0.4000000000000003 -0.996475725446
0.4010000000000003 -0.996491350446
0.4020000000000003 -0.996581473214
0.4030000000000003 -0.996651785714
0.4040000000000003 -0.996696149554
0.4050000000000003 -0.99678515625
0.4060000000000003 -0.99680078125
0.4070000000000003 -0.996879464286
0.4080000000000003 -0.996935546875
0.4090000000000003 -0.996994977679
0.4100000000000003 -0.997038783482
0.4110000000000003 -0.997078962054
0.4120000000000003 -0.997120814732
0.4130000000000003 -0.997119140625
0.4140000000000003 -0.997206752232
0.4150000000000003 -0.997279854911
0.4160000000000003 -0.997294084821
0.4170000000000003 -0.997369140625
0.4180000000000003 -0.997461216518
0.4190000000000003 -0.997471819196
0.4200000000000003 -0.997440290179
0.4210000000000003 -0.997550223214
0.4220000000000003 -0.997602120536
0.4230000000000003 -0.997547991071
0.4240000000000003 -0.997692522321
0.4250000000000003 -0.997725725446
0.4260000000000003 -0.997722098214
0.4270000000000003 -0.997786272321
0.4280000000000003 -0.997814174107
0.4290000000000003 -0.997807477679
0.4300000000000003 -0.997871930804
0.4310000000000003 -0.997934988839
0.43200000000000033 -0.997935546875
0.43300000000000033 -0.997981863839
0.43400000000000033 -0.997999720982
0.43500000000000033 -0.998054129464
0.43600000000000033 -0.998073939732
0.43700000000000033 -0.998087053571
0.43800000000000033 -0.998104352679
0.43900000000000033 -0.998126953125
0.44000000000000034 -0.998143973214
0.44100000000000034 -0.998241350446
0.44200000000000034 -0.998232700893
0.44300000000000034 -0.998260602679
0.44400000000000034 -0.998298549107
0.44500000000000034 -0.998327008929
0.44600000000000034 -0.998365792411
0.44700000000000034 -0.998391183036
0.44800000000000034 -0.998423549107
0.44900000000000034 -0.998453962054
0.45000000000000034 -0.998432756696
0.45100000000000035 -0.998480747768
0.45200000000000035 -0.998530412946
0.45300000000000035 -0.998542689732
0.45400000000000035 -0.99856640625
0.45500000000000035 -0.998601004464
0.45600000000000035 -0.998606584821
0.45700000000000035 -0.998636997768
0.45800000000000035 -0.99864453125
0.45900000000000035 -0.998669363839
0.46000000000000035 -0.998702566964
0.46100000000000035 -0.9987109375
0.46200000000000035 -0.998744698661
0.46300000000000036 -0.998721540179
0.46400000000000036 -0.998761439732
0.46500000000000036 -0.998774553571
0.46600000000000036 -0.99881640625
0.46700000000000036 -0.9988359375
0.46800000000000036 -0.998857700893
0.46900000000000036 -0.998885602679
0.47000000000000036 -0.998927734375
0.47100000000000036 -0.998906529018
0.47200000000000036 -0.998933314732
0.47300000000000036 -0.998926060268
0.47400000000000037 -0.998946428571
0.47500000000000037 -0.999000279018
0.47600000000000037 -0.999001395089
0.47700000000000037 -0.999006138393
0.47800000000000037 -0.999017299107
0.47900000000000037 -0.999021205357
0.48000000000000037 -0.999061941964
0.48100000000000037 -0.999073660714
0.4820000000000004 -0.999053292411
0.4830000000000004 -0.999114676339
0.4840000000000004 -0.999107979911
0.4850000000000004 -0.999115234375
0.4860000000000004 -0.999140625
0.4870000000000004 -0.999172433036
0.4880000000000004 -0.999181082589
0.4890000000000004 -0.999192522321
0.4900000000000004 -0.99917578125
0.4910000000000004 -0.9991953125
0.4920000000000004 -0.999229631696
0.4930000000000004 -0.999231026786
0.4940000000000004 -0.999228794643
0.4950000000000004 -0.999265625
0.4960000000000004 -0.999259765625
0.4970000000000004 -0.999309430804
0.4980000000000004 -0.999294921875
0.4990000000000004 -0.999312779018
0.5000000000000003 -0.999303013393
0.5010000000000003 -0.999318917411
0.5020000000000003 -0.999326729911
0.5030000000000003 -0.999356863839
0.5040000000000003 -0.9993515625
0.5050000000000003 -0.999349609375
0.5060000000000003 -0.999357421875
0.5070000000000003 -0.999392857143
0.5080000000000003 -0.999384207589
0.5090000000000003 -0.999418805804
0.5100000000000003 -0.999402901786
0.5110000000000003 -0.999425223214
0.5120000000000003 -0.999426339286
0.5130000000000003 -0.999439453125
0.5140000000000003 -0.999426897321
0.5150000000000003 -0.999465680804
0.5160000000000003 -0.999470424107
0.5170000000000003 -0.999488839286
0.5180000000000003 -0.999488002232
0.5190000000000003 -0.999490792411
0.5200000000000004 -0.999525111607
0.5210000000000004 -0.999511997768
0.5220000000000004 -0.999511160714
0.5230000000000004 -0.999536272321
0.5240000000000004 -0.999518973214
0.5250000000000004 -0.99952734375
0.5260000000000004 -0.999544363839
0.5270000000000004 -0.999537946429
0.5280000000000004 -0.999563058036
0.5290000000000004 -0.999595145089
0.5300000000000004 -0.999585100446
0.5310000000000004 -0.999580078125
0.5320000000000004 -0.999591238839
0.5330000000000004 -0.999607421875
0.5340000000000004 -0.999606026786
0.5350000000000004 -0.999627790179
0.5360000000000004 -0.999623883929
0.5370000000000004 -0.999642020089
0.5380000000000004 -0.999628348214
0.5390000000000004 -0.999645089286
0.5400000000000004 -0.999645926339
0.5410000000000004 -0.999640625
0.5420000000000004 -0.999648158482
0.5430000000000004 -0.999654296875
0.5440000000000004 -0.999663504464
0.5450000000000004 -0.999662667411
0.5460000000000004 -0.999686104911
0.5470000000000004 -0.999675223214
0.5480000000000004 -0.9996875
0.5490000000000004 -0.999681082589
0.5500000000000004 -0.999693359375
0.5510000000000004 -0.9997109375
0.5520000000000004 -0.999693638393
0.5530000000000004 -0.999707868304
0.5540000000000004 -0.999701450893
0.5550000000000004 -0.999714006696
0.5560000000000004 -0.999732421875
0.5570000000000004 -0.999717633929
0.5580000000000004 -0.999748604911
0.5590000000000004 -0.999739118304
0.5600000000000004 -0.999727120536
0.5610000000000004 -0.999743303571
0.5620000000000004 -0.999752511161
0.5630000000000004 -0.999744698661
0.5640000000000004 -0.999751395089
0.5650000000000004 -0.999763950893
0.5660000000000004 -0.999772879464
0.5670000000000004 -0.999760323661
0.5680000000000004 -0.999780133929
0.5690000000000004 -0.999767857143
0.5700000000000004 -0.999776506696
0.5710000000000004 -0.999782087054
0.5720000000000004 -0.999785435268
0.5730000000000004 -0.999789899554
0.5740000000000004 -0.999791015625
0.5750000000000004 -0.999792689732
0.5760000000000004 -0.999792131696
0.5770000000000004 -0.999813616071
0.5780000000000004 -0.999804129464
0.5790000000000004 -0.999808872768
0.5800000000000004 -0.999816127232
0.5810000000000004 -0.999826450893
0.5820000000000004 -0.999815011161
0.5830000000000004 -0.999820033482
0.5840000000000004 -0.999797433036
0.5850000000000004 -0.999841238839
0.5860000000000004 -0.999833984375
0.5870000000000004 -0.999827566964
0.5880000000000004 -0.999845145089
0.5890000000000004 -0.999837611607
0.5900000000000004 -0.999845982143
0.5910000000000004 -0.999832310268
0.5920000000000004 -0.999849330357
0.5930000000000004 -0.999846261161
0.5940000000000004 -0.999853794643
0.5950000000000004 -0.999841238839
0.5960000000000004 -0.999843191964
0.5970000000000004 -0.999866350446
0.5980000000000004 -0.999865513393
0.5990000000000004 -0.999871930804
0.6000000000000004 -0.999852678571
0.6010000000000004 -0.999857421875
0.6020000000000004 -0.999867466518
0.6030000000000004 -0.999874441964
0.6040000000000004 -0.999873604911
0.6050000000000004 -0.999866629464
0.6060000000000004 -0.999864676339
0.6070000000000004 -0.999877232143
0.6080000000000004 -0.999872209821
0.6090000000000004 -0.999881696429
0.6100000000000004 -0.999892020089
0.6110000000000004 -0.999884486607
0.6120000000000004 -0.999890066964
0.6130000000000004 -0.999889508929
0.6140000000000004 -0.999892020089
0.6150000000000004 -0.999893694196
0.6160000000000004 -0.99989453125
0.6170000000000004 -0.999891462054
0.6180000000000004 -0.999893136161
0.6190000000000004 -0.999898995536
0.6200000000000004 -0.999898158482
0.6210000000000004 -0.999914620536
0.6220000000000004 -0.999909598214
0.6230000000000004 -0.999902622768
0.6240000000000004 -0.999903180804
0.6250000000000004 -0.999914620536
0.6260000000000004 -0.999908761161
0.6270000000000004 -0.999911551339
0.6280000000000004 -0.999909040179
0.6290000000000004 -0.999919084821
0.6300000000000004 -0.9999140625
0.6310000000000004 -0.999905691964
0.6320000000000005 -0.999923828125
0.6330000000000005 -0.999921316964
0.6340000000000005 -0.999909040179
0.6350000000000005 -0.999921875
0.6360000000000005 -0.999928850446
0.6370000000000005 -0.99992578125
0.6380000000000005 -0.999918526786
0.6390000000000005 -0.999925223214
0.6400000000000005 -0.999929129464
0.6410000000000005 -0.999925502232
0.6420000000000005 -0.999931919643
0.6430000000000005 -0.999934709821
0.6440000000000005 -0.999931919643
0.6450000000000005 -0.999929129464
0.6460000000000005 -0.999935546875
0.6470000000000005 -0.999931361607
0.6480000000000005 -0.999932477679
0.6490000000000005 -0.999943359375
0.6500000000000005 -0.999936104911
0.6510000000000005 -0.999941685268
0.6520000000000005 -0.999947823661
0.6530000000000005 -0.999948381696
0.6540000000000005 -0.999942801339
0.6550000000000005 -0.999938058036
0.6560000000000005 -0.999954241071
0.6570000000000005 -0.9999375
0.6580000000000005 -0.999950613839
0.6590000000000005 -0.9999453125
0.6600000000000005 -0.999948660714
0.6610000000000005 -0.999947265625
0.6620000000000005 -0.999950892857
0.6630000000000005 -0.999948381696
0.6640000000000005 -0.999948660714
0.6650000000000005 -0.999954241071
0.6660000000000005 -0.999953404018
0.6670000000000005 -0.999955078125
0.6680000000000005 -0.999953962054
0.6690000000000005 -0.999953683036
0.6700000000000005 -0.999952566964
0.6710000000000005 -0.999954241071
0.6720000000000005 -0.999959263393
0.6730000000000005 -0.999959263393
0.6740000000000005 -0.999958984375
0.6750000000000005 -0.999953683036
0.6760000000000005 -0.999959542411
0.6770000000000005 -0.999963169643
0.6780000000000005 -0.999962890625
0.6790000000000005 -0.999960658482
0.6800000000000005 -0.999967354911
0.6810000000000005 -0.999963727679
0.6820000000000005 -0.999962332589
0.6830000000000005 -0.999965680804
0.6840000000000005 -0.999965122768
0.6850000000000005 -0.999966796875
0.6860000000000005 -0.999970703125
0.6870000000000005 -0.999964564732
0.6880000000000005 -0.999970703125
0.6890000000000005 -0.999966517857
0.6900000000000005 -0.999969308036
0.6910000000000005 -0.999971261161
0.6920000000000005 -0.999970982143
0.6930000000000005 -0.999967354911
0.6940000000000005 -0.999970424107
0.6950000000000005 -0.999968191964
0.6960000000000005 -0.999971819196
0.6970000000000005 -0.999969308036
0.6980000000000005 -0.999969029018
0.6990000000000005 -0.999970145089
0.7000000000000005 -0.999977399554
0.7010000000000005 -0.999970982143
0.7020000000000005 -0.999971540179
0.7030000000000005 -0.999973772321
0.7040000000000005 -0.999976004464
0.7050000000000005 -0.999975446429
0.7060000000000005 -0.999978236607
0.7070000000000005 -0.999979352679
0.7080000000000005 -0.999977678571
0.7090000000000005 -0.999976841518
0.7100000000000005 -0.999976283482
0.7110000000000005 -0.99997265625
0.7120000000000005 -0.999975167411
0.7130000000000005 -0.999979910714
0.7140000000000005 -0.999981584821
0.7150000000000005 -0.999982421875
0.7160000000000005 -0.999977957589
0.7170000000000005 -0.999979910714
0.7180000000000005 -0.999979352679
0.7190000000000005 -0.999981305804
0.7200000000000005 -0.999979910714
0.7210000000000005 -0.999982142857
0.7220000000000005 -0.999979352679
0.7230000000000005 -0.999984095982
0.7240000000000005 -0.999982979911
0.7250000000000005 -0.999982700893
0.7260000000000005 -0.999978794643
0.7270000000000005 -0.999985491071
0.7280000000000005 -0.999982142857
0.7290000000000005 -0.999983258929
0.7300000000000005 -0.999981863839
0.7310000000000005 -0.999984933036
0.7320000000000005 -0.999983537946
0.7330000000000005 -0.999983537946
0.7340000000000005 -0.999984654018
0.7350000000000005 -0.999984095982
0.7360000000000005 -0.999986607143
0.7370000000000005 -0.999983258929
0.7380000000000005 -0.999984654018
0.7390000000000005 -0.999987444196
0.7400000000000005 -0.999987444196
0.7410000000000005 -0.999987444196
0.7420000000000005 -0.999984095982
0.7430000000000005 -0.99998828125
0.7440000000000005 -0.999987723214
0.7450000000000006 -0.999986607143
0.7460000000000006 -0.999988560268
0.7470000000000006 -0.999986607143
0.7480000000000006 -0.999986328125
0.7490000000000006 -0.999986049107
0.7500000000000006 -0.999988560268
0.7510000000000006 -0.999987165179
0.7520000000000006 -0.999987165179
0.7530000000000006 -0.999987723214
0.7540000000000006 -0.999990513393
0.7550000000000006 -0.999989676339
0.7560000000000006 -0.99998828125
0.7570000000000006 -0.999989397321
0.7580000000000006 -0.999987165179
0.7590000000000006 -0.999992745536
0.7600000000000006 -0.999991071429
0.7610000000000006 -0.999986328125
0.7620000000000006 -0.999991908482
0.7630000000000006 -0.999990513393
0.7640000000000006 -0.999991350446
0.7650000000000006 -0.999991350446
0.7660000000000006 -0.999991908482
0.7670000000000006 -0.999993024554
0.7680000000000006 -0.999994419643
0.7690000000000006 -0.999992466518
0.7700000000000006 -0.999993861607
0.7710000000000006 -0.999990234375
0.7720000000000006 -0.999992745536
0.7730000000000006 -0.999993861607
0.7740000000000006 -0.999993582589
0.7750000000000006 -0.999993861607
0.7760000000000006 -0.999993024554
0.7770000000000006 -0.999990513393
0.7780000000000006 -0.999991350446
0.7790000000000006 -0.999993861607
0.7800000000000006 -0.9999921875
0.7810000000000006 -0.999992466518
0.7820000000000006 -0.999992745536
0.7830000000000006 -0.999993303571
0.7840000000000006 -0.999993582589
0.7850000000000006 -0.999993861607
0.7860000000000006 -0.999993024554
0.7870000000000006 -0.999994698661
0.7880000000000006 -0.999991908482
0.7890000000000006 -0.999994140625
0.7900000000000006 -0.999991908482
0.7910000000000006 -0.999993024554
0.7920000000000006 -0.999993024554
0.7930000000000006 -0.999995814732
0.7940000000000006 -0.999994977679
0.7950000000000006 -0.999994140625
0.7960000000000006 -0.999994419643
0.7970000000000006 -0.999990792411
0.7980000000000006 -0.999993303571
0.7990000000000006 -0.999993024554
0.8000000000000006 -0.999995535714
0.8010000000000006 -0.999992745536
0.8020000000000006 -0.999994419643
0.8030000000000006 -0.999994419643
0.8040000000000006 -0.999993861607
0.8050000000000006 -0.99999609375
0.8060000000000006 -0.999993861607
0.8070000000000006 -0.999995256696
0.8080000000000006 -0.999995256696
0.8090000000000006 -0.999994698661
0.8100000000000006 -0.999995535714
0.8110000000000006 -0.999996651786
0.8120000000000006 -0.999994419643
0.8130000000000006 -0.999994140625
0.8140000000000006 -0.999994977679
0.8150000000000006 -0.999997209821
0.8160000000000006 -0.999995256696
0.8170000000000006 -0.999998046875
0.8180000000000006 -0.999997767857
0.8190000000000006 -0.999997209821
0.8200000000000006 -0.999995814732
0.8210000000000006 -0.999997767857
0.8220000000000006 -0.99999609375
0.8230000000000006 -0.999996372768
0.8240000000000006 -0.999997209821
0.8250000000000006 -0.999996372768
0.8260000000000006 -0.999997209821
0.8270000000000006 -0.999997209821
0.8280000000000006 -0.999996372768
0.8290000000000006 -0.999996930804
0.8300000000000006 -0.999993861607
0.8310000000000006 -0.999996372768
0.8320000000000006 -0.999996372768
0.8330000000000006 -0.999997767857
0.8340000000000006 -0.999994698661
0.8350000000000006 -0.999996372768
0.8360000000000006 -0.999996930804
0.8370000000000006 -0.999996651786
0.8380000000000006 -0.999994698661
0.8390000000000006 -0.999996651786
0.8400000000000006 -0.99999609375
0.8410000000000006 -0.999995814732
0.8420000000000006 -0.999996930804
0.8430000000000006 -0.999997767857
0.8440000000000006 -0.999996930804
0.8450000000000006 -0.999996930804
0.8460000000000006 -0.999997767857
0.8470000000000006 -0.999996930804
0.8480000000000006 -0.999998325893
0.8490000000000006 -0.999996930804
0.8500000000000006 -0.999998046875
0.8510000000000006 -0.999997767857
0.8520000000000006 -0.999996651786
0.8530000000000006 -0.999998046875
0.8540000000000006 -0.999998046875
0.8550000000000006 -0.999996651786
0.8560000000000006 -0.999997488839
0.8570000000000007 -0.999996651786
0.8580000000000007 -0.999997488839
0.8590000000000007 -0.999997488839
0.8600000000000007 -0.999997209821
0.8610000000000007 -0.999998883929
0.8620000000000007 -0.999997488839
0.8630000000000007 -0.999996930804
0.8640000000000007 -0.999996651786
0.8650000000000007 -0.999999441964
0.8660000000000007 -0.999998046875
0.8670000000000007 -0.999999720982
0.8680000000000007 -0.999999720982
0.8690000000000007 -0.999997767857
0.8700000000000007 -0.999998604911
0.8710000000000007 -0.999998046875
0.8720000000000007 -0.999998046875
0.8730000000000007 -0.999999441964
0.8740000000000007 -0.999998604911
0.8750000000000007 -0.999998604911
0.8760000000000007 -0.999998325893
0.8770000000000007 -0.999998883929
0.8780000000000007 -0.999998604911
0.8790000000000007 -0.999997488839
0.8800000000000007 -0.999998325893
0.8810000000000007 -0.999998325893
0.8820000000000007 -0.999998883929
0.8830000000000007 -0.999996651786
0.8840000000000007 -0.999998604911
0.8850000000000007 -0.999998046875
0.8860000000000007 -0.999998046875
0.8870000000000007 -0.999999441964
0.8880000000000007 -0.999999441964
0.8890000000000007 -0.999999162946
0.8900000000000007 -0.999998883929
0.8910000000000007 -0.999999162946
0.8920000000000007 -0.999998046875
0.8930000000000007 -0.999998604911
0.8940000000000007 -0.999998046875
0.8950000000000007 -0.999999162946
0.8960000000000007 -0.999999162946
0.8970000000000007 -0.999998883929
0.8980000000000007 -0.999998883929
0.8990000000000007 -0.999999162946
0.9000000000000007 -0.999999441964
0.9010000000000007 -0.999999441964
0.9020000000000007 -0.999998883929
0.9030000000000007 -0.999998604911
0.9040000000000007 -0.999999720982
0.9050000000000007 -0.999999162946
0.9060000000000007 -0.999999162946
0.9070000000000007 -0.999999162946
0.9080000000000007 -0.999999162946
0.9090000000000007 -0.999999162946
0.9100000000000007 -0.999998604911
0.9110000000000007 -0.999998604911
0.9120000000000007 -0.999998883929
0.9130000000000007 -0.999999720982
0.9140000000000007 -0.999999162946
0.9150000000000007 -0.999998883929
0.9160000000000007 -0.999998883929
0.9170000000000007 -0.999999162946
0.9180000000000007 -0.999998604911
0.9190000000000007 -0.999999162946
0.9200000000000007 -0.999999720982
0.9210000000000007 -0.999998883929
0.9220000000000007 -0.999999441964
0.9230000000000007 -0.999999441964
0.9240000000000007 -0.999998883929
0.9250000000000007 -0.999998883929
0.9260000000000007 -0.999999162946
0.9270000000000007 -0.999999162946
0.9280000000000007 -0.999999441964
0.9290000000000007 -0.999998604911
0.9300000000000007 -0.999999720982
0.9310000000000007 -0.999998883929
0.9320000000000007 -0.999999441964
0.9330000000000007 -1.0
0.9340000000000007 -0.999999720982
0.9350000000000007 -0.999999441964
0.9360000000000007 -0.999999441964
0.9370000000000007 -0.999999441964
0.9380000000000007 -0.999999720982
0.9390000000000007 -0.999999720982
0.9400000000000007 -0.999999441964
0.9410000000000007 -0.999999162946
0.9420000000000007 -0.999999441964
0.9430000000000007 -0.999999441964
0.9440000000000007 -0.999999441964
0.9450000000000007 -0.999999441964
0.9460000000000007 -0.999999162946
0.9470000000000007 -1.0
0.9480000000000007 -0.999999441964
0.9490000000000007 -0.999999441964
0.9500000000000007 -0.999999720982
0.9510000000000007 -0.999999441964
0.9520000000000007 -0.999999720982
0.9530000000000007 -0.999999441964
0.9540000000000007 -0.999999162946
0.9550000000000007 -0.999999162946
0.9560000000000007 -0.999998883929
0.9570000000000007 -0.999999720982
0.9580000000000007 -1.0
0.9590000000000007 -0.999999441964
0.9600000000000007 -1.0
0.9610000000000007 -0.999999441964
0.9620000000000007 -1.0
0.9630000000000007 -0.999999441964
0.9640000000000007 -0.999999720982
0.9650000000000007 -0.999999720982
0.9660000000000007 -0.999998883929
0.9670000000000007 -0.999999720982
0.9680000000000007 -0.999999720982
0.9690000000000007 -0.999999720982
0.9700000000000008 -1.0
0.9710000000000008 -0.999999162946
0.9720000000000008 -0.999999441964
0.9730000000000008 -0.999999720982
0.9740000000000008 -0.999999720982
0.9750000000000008 -0.999999720982
0.9760000000000008 -0.999999441964
0.9770000000000008 -1.0
0.9780000000000008 -0.999999441964
0.9790000000000008 -1.0
0.9800000000000008 -0.999999720982
0.9810000000000008 -1.0
0.9820000000000008 -0.999999720982
0.9830000000000008 -0.999999720982
0.9840000000000008 -0.999999720982
0.9850000000000008 -0.999999720982
0.9860000000000008 -1.0
0.9870000000000008 -1.0
0.9880000000000008 -1.0
0.9890000000000008 -0.999999441964
0.9900000000000008 -0.999999720982
0.9910000000000008 -1.0
0.9920000000000008 -1.0
0.9930000000000008 -1.0
0.9940000000000008 -0.999999720982
0.9950000000000008 -0.999999441964
0.9960000000000008 -1.0
0.9970000000000008 -1.0
0.9980000000000008 -0.999999162946
0.9990000000000008 -1.0
1.0000000000000007 -0.999999720942
