0.0 0.0
0.001 0.365260873724
0.002 0.261228178492
0.003 0.352602357701
0.004 0.304960291773
0.005 0.364821991071
0.006 0.36326337492
0.007 0.354871527742
0.008 0.395327585379
0.009000000000000001 0.361885088967
0.010000000000000002 0.371480131936
0.011000000000000003 0.394248005022
0.012000000000000004 0.410734396604
0.013000000000000005 0.419772767857
0.014000000000000005 0.409318642857
0.015000000000000006 0.431785601961
0.016000000000000007 0.430907836416
0.017000000000000008 0.405847125
0.01800000000000001 0.396364033721
0.01900000000000001 0.410650836735
0.02000000000000001 0.433608928492
0.02100000000000001 0.423116093033
0.022000000000000013 0.410733455915
0.023000000000000013 0.432295596221
0.024000000000000014 0.436246561224
0.025000000000000015 0.433724773916
0.026000000000000016 0.451397888951
0.027000000000000017 0.495683086416
0.028000000000000018 0.415068296875
0.02900000000000002 0.449892179528
0.03000000000000002 0.45014268463
0.03100000000000002 0.468226057956
0.03200000000000002 0.455868742028
0.03300000000000002 0.500162811224
0.03400000000000002 0.461832485969
0.035000000000000024 0.485822040737
0.036000000000000025 0.510420426578
0.037000000000000026 0.504250160714
0.03800000000000003 0.512409154257
0.03900000000000003 0.515062547114
0.04000000000000003 0.519004910395
0.04100000000000003 0.540002575813
0.04200000000000003 0.526244859614
0.04300000000000003 0.538132928571
0.04400000000000003 0.536736906808
0.04500000000000003 0.550863711735
0.046000000000000034 0.545335901706
0.047000000000000035 0.58046794611
0.048000000000000036 0.568260280533
0.04900000000000004 0.600067520328
0.05000000000000004 0.604801364078
0.05100000000000004 0.609049586735
0.05200000000000004 0.581440649235
0.05300000000000004 0.596690758849
0.05400000000000004 0.601924107063
0.05500000000000004 0.612218859614
0.05600000000000004 0.629471391582
0.057000000000000044 0.64044236089
0.058000000000000045 0.647603848135
0.059000000000000045 0.642023634885
0.060000000000000046 0.624941475686
0.06100000000000005 0.701476938457
0.06200000000000005 0.689503759487
0.06300000000000004 0.66370621301
0.06400000000000004 0.696390618543
0.06500000000000004 0.680927639987
0.06600000000000004 0.693114773916
0.06700000000000005 0.726848475446
0.06800000000000005 0.714932989796
0.06900000000000005 0.731903379385
0.07000000000000005 0.734049941327
0.07100000000000005 0.770682122449
0.07200000000000005 0.770141657844
0.07300000000000005 0.787340771604
0.07400000000000005 0.794724776467
0.07500000000000005 0.779148849171
0.07600000000000005 0.826736886161
0.07700000000000005 0.825028256059
0.07800000000000006 0.845407722497
0.07900000000000006 0.856334175702
0.08000000000000006 0.843783931043
0.08100000000000006 0.866792981425
0.08200000000000006 0.903580789541
0.08300000000000006 0.879919106824
0.08400000000000006 0.918384291773
0.08500000000000006 0.898492169563
0.08600000000000006 0.90455966765
0.08700000000000006 0.953195879385
0.08800000000000006 0.974176290737
0.08900000000000007 0.993176177854
0.09000000000000007 1.00556171524
0.09100000000000007 1.04590991
0.09200000000000007 0.985902086735
0.09300000000000007 1.06438662596
0.09400000000000007 1.08000597696
0.09500000000000007 1.11577834813
0.09600000000000007 1.04838109024
0.09700000000000007 1.13969019444
0.09800000000000007 1.1532473058
0.09900000000000007 1.14233048143
0.10000000000000007 1.23877866709
0.10100000000000008 1.15269691319
0.10200000000000008 1.22845718678
0.10300000000000008 1.2843444933
0.10400000000000008 1.33921434877
0.10500000000000008 1.34474370018
0.10600000000000008 1.32709358729
0.10700000000000008 1.34252420592
0.10800000000000008 1.41877742857
0.10900000000000008 1.42483885196
0.11000000000000008 1.50257125765
0.11100000000000008 1.54419819388
0.11200000000000009 1.52752453372
0.11300000000000009 1.6133155114
0.11400000000000009 1.58426066956
0.11500000000000009 1.60157164979
0.11600000000000009 1.61265675096
0.11700000000000009 1.69351339086
0.11800000000000009 1.758250535
0.11900000000000009 1.75293477009
0.12000000000000009 1.7224056773
0.1210000000000001 1.88510279265
0.1220000000000001 1.76370247927
0.1230000000000001 1.98660360045
0.1240000000000001 2.01331227033
0.12500000000000008 2.03231085706
0.12600000000000008 2.15241649546
0.12700000000000009 2.21069725096
0.12800000000000009 2.21276803061
0.1290000000000001 2.29382056688
0.1300000000000001 2.29575778053
0.1310000000000001 2.37654641893
0.1320000000000001 2.35626315171
0.1330000000000001 2.49550820504
0.1340000000000001 2.61261713138
0.1350000000000001 2.65294604265
0.1360000000000001 2.87746727647
0.1370000000000001 2.97894945464
0.1380000000000001 2.91158818846
0.1390000000000001 2.91975909566
0.1400000000000001 3.17660404209
0.1410000000000001 3.28380864158
0.1420000000000001 3.39290356218
0.1430000000000001 3.4168200216
0.1440000000000001 3.65637395281
0.1450000000000001 3.66755316677
0.1460000000000001 3.66635441454
0.1470000000000001 4.09126722927
0.1480000000000001 4.25247856346
0.1490000000000001 4.39200700885
0.1500000000000001 4.51830476531
0.1510000000000001 4.67760370528
0.1520000000000001 4.96441323015
0.1530000000000001 5.14175378667
0.1540000000000001 5.52769606178
0.1550000000000001 5.65929706633
0.1560000000000001 6.21938735459
0.1570000000000001 6.44467866
0.1580000000000001 6.89746732071
0.1590000000000001 7.18230635714
0.16000000000000011 7.21480883092
0.16100000000000012 8.1887729489
0.16200000000000012 8.38734597569
0.16300000000000012 9.12478006888
0.16400000000000012 9.86922688138
0.16500000000000012 9.30078115107
0.16600000000000012 11.0103711319
0.16700000000000012 10.7365147844
0.16800000000000012 11.4950335426
0.16900000000000012 13.5119600686
0.17000000000000012 14.8501185516
0.17100000000000012 15.645148876
0.17200000000000013 16.2075147301
0.17300000000000013 18.4636545931
0.17400000000000013 20.5566283402
0.17500000000000013 21.7132301243
0.17600000000000013 24.4791681785
0.17700000000000013 27.8105235558
0.17800000000000013 28.7229932455
0.17900000000000013 32.1302295854
0.18000000000000013 33.2618654591
0.18100000000000013 38.5493603925
0.18200000000000013 39.0123624796
0.18300000000000013 43.3456864681
0.18400000000000014 43.8719733252
0.18500000000000014 42.5351368683
0.18600000000000014 34.2988281868
0.18700000000000014 36.1267738023
0.18800000000000014 33.240015049
0.18900000000000014 33.4515662943
0.19000000000000014 27.4366220635
0.19100000000000014 26.7364387943
0.19200000000000014 18.7652502411
0.19300000000000014 12.4332681693
0.19400000000000014 10.8756757561
0.19500000000000015 18.9433331026
0.19600000000000015 14.110205035
0.19700000000000015 6.76682375606
0.19800000000000015 4.07583969635
0.19900000000000015 5.03005032239
0.20000000000000015 2.78894406218
0.20100000000000015 2.88676306473
0.20200000000000015 2.68387647034
0.20300000000000015 5.37772758283
0.20400000000000015 2.93049422959
0.20500000000000015 2.1278724489
0.20600000000000016 1.6218737225
0.20700000000000016 1.47666313776
0.20800000000000016 1.62086989788
0.20900000000000016 1.34584979074
0.21000000000000016 1.13813384176
0.21100000000000016 1.07100173461
0.21200000000000016 0.9465949206
0.21300000000000016 1.03104682071
0.21400000000000016 0.909187571429
0.21500000000000016 0.870799571986
0.21600000000000016 0.838737611527
0.21700000000000016 0.732650012675
0.21800000000000017 0.67931121301
0.21900000000000017 0.571148701451
0.22000000000000017 0.651080834742
0.22100000000000017 0.57284404265
0.22200000000000017 0.545297777344
0.22300000000000017 0.529569194435
0.22400000000000017 0.494086338568
0.22500000000000017 0.468775043367
0.22600000000000017 0.457785369818
0.22700000000000017 0.407118089206
0.22800000000000017 0.410121750957
0.22900000000000018 0.410877586416
0.23000000000000018 0.353945443559
0.23100000000000018 0.359995822385
0.23200000000000018 0.339426910395
0.23300000000000018 0.334655164541
0.23400000000000018 0.299815232063
0.23500000000000018 0.299108899793
0.23600000000000018 0.294885928252
0.23700000000000018 0.274842713568
0.23800000000000018 0.257382603237
0.23900000000000018 0.270854279257
0.24000000000000019 0.243555797114
0.2410000000000002 0.246532390864
0.2420000000000002 0.22752467602
0.2430000000000002 0.235245334742
0.2440000000000002 0.224542059949
0.2450000000000002 0.209974831314
0.2460000000000002 0.201009622449
0.2470000000000002 0.201905927854
0.2480000000000002 0.188946294324
0.2490000000000002 0.188282557398
0.25000000000000017 0.180136916773
0.25100000000000017 0.183666515864
0.25200000000000017 0.169463475446
0.25300000000000017 0.165247536671
0.25400000000000017 0.158399113202
0.25500000000000017 0.151800173469
0.25600000000000017 0.148663725686
0.2570000000000002 0.140853994818
0.2580000000000002 0.137175640864
0.2590000000000002 0.133975266582
0.2600000000000002 0.135842002232
0.2610000000000002 0.127839212293
0.2620000000000002 0.12593698015
0.2630000000000002 0.120675223214
0.2640000000000002 0.118028726961
0.2650000000000002 0.116116480867
0.2660000000000002 0.11407211089
0.2670000000000002 0.111173238202
0.2680000000000002 0.104198370456
0.2690000000000002 0.105172642777
0.2700000000000002 0.100453623724
0.2710000000000002 0.1011438125
0.2720000000000002 0.0965247703285
0.2730000000000002 0.0952995694356
0.2740000000000002 0.0925765400988
0.2750000000000002 0.0895604524871
0.2760000000000002 0.086046064732
0.2770000000000002 0.0856209367826
0.2780000000000002 0.0828084501753
0.2790000000000002 0.0777993876753
0.2800000000000002 0.0784353010205
0.2810000000000002 0.0781718571428
0.2820000000000002 0.0757253883132
0.2830000000000002 0.0714693478955
0.2840000000000002 0.0719983704561
0.2850000000000002 0.0721589425224
0.2860000000000002 0.071066396604
0.2870000000000002 0.0660892275989
0.2880000000000002 0.0649926478794
0.2890000000000002 0.0641676319357
0.2900000000000002 0.060794240354
0.2910000000000002 0.0622773309151
0.2920000000000002 0.0578187001753
0.2930000000000002 0.0585031135205
0.2940000000000002 0.0574621204559
0.2950000000000002 0.0574089106346
0.2960000000000002 0.0551407844388
0.2970000000000002 0.053353606824
0.2980000000000002 0.0512391823981
0.2990000000000002 0.0501327739157
0.3000000000000002 0.0504169444357
0.3010000000000002 0.0496089728954
0.3020000000000002 0.0480331210937
0.3030000000000002 0.0471560292569
0.3040000000000002 0.0463563058036
0.3050000000000002 0.0453666159917
0.3060000000000002 0.0429344703443
0.3070000000000002 0.0428361045917
0.3080000000000002 0.0421784996811
0.3090000000000002 0.0416109240274
0.3100000000000002 0.0385757939254
0.3110000000000002 0.0390363819356
0.3120000000000002 0.0380871453284
0.3130000000000002 0.0377761399872
0.3140000000000002 0.0372518657526
0.3150000000000002 0.0364926399873
0.3160000000000002 0.0354399801497
0.3170000000000002 0.0356509681121
0.3180000000000002 0.0333417792568
0.31900000000000023 0.032407276706
0.32000000000000023 0.0329782844387
0.32100000000000023 0.031626945153
0.32200000000000023 0.0317952231345
0.32300000000000023 0.0313505790816
0.32400000000000023 0.0299938774714
0.32500000000000023 0.029899919563
0.32600000000000023 0.0284719131856
0.32700000000000023 0.0282571348853
0.32800000000000024 0.0281895528539
0.32900000000000024 0.0276769451531
0.33000000000000024 0.0262517658641
0.33100000000000024 0.0260164719389
0.33200000000000024 0.0259844438775
0.33300000000000024 0.0253944703444
0.33400000000000024 0.0252428504464
0.33500000000000024 0.0235696489158
0.33600000000000024 0.0235336556123
0.33700000000000024 0.0235289617349
0.33800000000000024 0.022377601961
0.33900000000000025 0.0229939603795
0.34000000000000025 0.0217862543844
0.34100000000000025 0.0217226746651
0.34200000000000025 0.0218637433037
0.34300000000000025 0.0211688615274
0.34400000000000025 0.0207897122928
0.34500000000000025 0.0189220050223
0.34600000000000025 0.0192916425383
0.34700000000000025 0.0191001784917
0.34800000000000025 0.0186254464285
0.34900000000000025 0.0191537849969
0.35000000000000026 0.0181364775989
0.35100000000000026 0.0180635510204
0.35200000000000026 0.0174288453443
0.35300000000000026 0.0172090305325
0.35400000000000026 0.0169494272959
0.35500000000000026 0.0169334563136
0.35600000000000026 0.0161927135681
0.35700000000000026 0.0160187853953
0.35800000000000026 0.0156295484694
0.35900000000000026 0.0150891383132
0.36000000000000026 0.0154396874203
0.36100000000000027 0.0151842135683
0.36200000000000027 0.0148010535713
0.36300000000000027 0.0145167633131
0.36400000000000027 0.0144426434151
0.36500000000000027 0.0136855688775
0.36600000000000027 0.0135892538266
0.36700000000000027 0.013394419324
0.36800000000000027 0.0133325573979
0.36900000000000027 0.0129552563776
0.3700000000000003 0.0125486376754
0.3710000000000003 0.0122291198181
0.3720000000000003 0.0119928283642
0.3730000000000003 0.0119861064254
0.3740000000000003 0.0119267658641
0.3750000000000003 0.011698232143
0.3760000000000003 0.0114665484695
0.3770000000000003 0.0111869858898
0.3780000000000003 0.0111053542729
0.3790000000000003 0.0111686782526
0.3800000000000003 0.0104058134566
0.3810000000000003 0.0103037130103
0.3820000000000003 0.0103849150989
0.3830000000000003 0.0102615050224
0.3840000000000003 0.00996744571114
0.3850000000000003 0.00958596930809
0.3860000000000003 0.00954988640001
0.3870000000000003 0.00930591318547
0.3880000000000003 0.00918991677293
0.3890000000000003 0.00902289030614
0.3900000000000003 0.00887398588964
0.3910000000000003 0.00851064381368
0.3920000000000003 0.00840508258921
0.3930000000000003 0.00868120017537
0.3940000000000003 0.00836786479601
0.3950000000000003 0.008133054528
0.3960000000000003 0.00801929009867
0.3970000000000003 0.00767084534448
0.3980000000000003 0.00772446396695
0.3990000000000003 0.00764086216509
0.4000000000000003 0.00752079392532
0.4010000000000003 0.00743689213959
0.4020000000000003 0.00714034566329
0.4030000000000003 0.007188934949
0.4040000000000003 0.00675396356826
0.4050000000000003 0.00644240401789
0.4060000000000003 0.00691444866061
0.4070000000000003 0.00677073852034
0.4080000000000003 0.00633296484375
0.4090000000000003 0.00644284917075
0.4100000000000003 0.00627688384895
0.4110000000000003 0.0062465751754
0.4120000000000003 0.00607886152739
0.4130000000000003 0.00610358537949
0.4140000000000003 0.00580013384888
0.4150000000000003 0.00566820782842
0.4160000000000003 0.00569537595663
0.4170000000000003 0.00553355859358
0.4180000000000003 0.00528325884886
0.4190000000000003 0.00521773588969
0.4200000000000003 0.00536987595672
0.4210000000000003 0.0051224170918
0.4220000000000003 0.00509543718113
0.4230000000000003 0.00507438265311
0.4240000000000003 0.00485691167091
0.4250000000000003 0.00464494571111
0.4260000000000003 0.00493328316338
0.4270000000000003 0.0046715277424
0.4280000000000003 0.00456173820146
0.4290000000000003 0.00463774202797
0.4300000000000003 0.00442345910403
0.4310000000000003 0.00423104264996
0.43200000000000033 0.00445438448662
0.43300000000000033 0.00411453372135
0.43400000000000033 0.00401725438462
0.43500000000000033 0.00412941039542
0.43600000000000033 0.00399087938456
0.43700000000000033 0.00394589158168
0.43800000000000033 0.00402563488524
0.43900000000000033 0.00388684877237
0.44000000000000034 0.00384860459189
0.44100000000000034 0.00363593678253
0.44200000000000034 0.00367780963029
0.44300000000000034 0.00363402774235
0.44400000000000034 0.00354005070142
0.44500000000000034 0.0034397308674
0.44600000000000034 0.00338189979266
0.44700000000000034 0.0034053925383
0.44800000000000034 0.00326988998734
0.44900000000000034 0.00323487874687
0.45000000000000034 0.00322531178244
0.45100000000000035 0.00313926777744
0.45200000000000035 0.00304127160405
0.45300000000000035 0.0030512811702
0.45400000000000035 0.00286758258926
0.45500000000000035 0.00291436575264
0.45600000000000035 0.00285666167088
0.45700000000000035 0.00278792849156
0.45800000000000035 0.00278155580361
0.45900000000000035 0.0027131408641
0.46000000000000035 0.00262113360964
0.46100000000000035 0.00266450892866
0.46200000000000035 0.00252200247132
0.46300000000000036 0.00254952774242
0.46400000000000036 0.00256698652743
0.46500000000000036 0.00250241836738
0.46600000000000036 0.00246057366076
0.46700000000000036 0.0023568571429
0.46800000000000036 0.00236696141576
0.46900000000000036 0.00233210809949
0.47000000000000036 0.0021401746651
0.47100000000000036 0.00223488831318
0.47200000000000036 0.0022561918845
0.47300000000000036 0.00213761152747
0.47400000000000037 0.00217026658163
0.47500000000000037 0.00203739724168
0.47600000000000037 0.0020664667569
0.47700000000000037 0.00202982748726
0.47800000000000037 0.0020323274872
0.47900000000000037 0.0019866020408
0.48000000000000037 0.00188910682414
0.48100000000000037 0.00196616709184
0.4820000000000004 0.00191426586423
0.4830000000000004 0.00179616318553
0.4840000000000004 0.00185093997129
0.4850000000000004 0.00182284430787
0.4860000000000004 0.00176383928567
0.4870000000000004 0.00172838360982
0.4880000000000004 0.00166986407839
0.4890000000000004 0.00164371524249
0.4900000000000004 0.00169721651787
0.4910000000000004 0.00160814285698
0.4920000000000004 0.00160601713969
0.4930000000000004 0.0015607831632
0.4940000000000004 0.00157623596931
0.4950000000000004 0.00152252678561
0.4960000000000004 0.00152204966525
0.4970000000000004 0.00145084303267
0.4980000000000004 0.0014178309151
0.4990000000000004 0.00142096867035
0.5000000000000003 0.00140656855876
0.5010000000000003 0.0014005515784
0.5020000000000003 0.00136116318572
0.5030000000000003 0.00135156050715
0.5040000000000003 0.00131497321422
0.5050000000000003 0.00132967466527
0.5060000000000003 0.00125184877231
0.5070000000000003 0.00124418239784
0.5080000000000003 0.0012551140785
0.5090000000000003 0.00119149481816
0.5100000000000003 0.00122197066321
0.5110000000000003 0.00114830994903
0.5120000000000003 0.00112283673468
0.5130000000000003 0.00112858091506
0.5140000000000003 0.00115250988529
0.5150000000000003 0.0010798608896
0.5160000000000003 0.00108112213024
0.5170000000000003 0.00102820280608
0.5180000000000003 0.00106248206316
0.5190000000000003 0.00103414979276
0.5200000000000004 0.000971077487179
0.5210000000000004 0.000964285634609
0.5220000000000004 0.000979631377618
0.5230000000000004 0.000971759885147
0.5240000000000004 0.00100747959186
0.5250000000000004 0.000954270089323
0.5260000000000004 0.000928596221343
0.5270000000000004 0.000933168367396
0.5280000000000004 0.000875928252412
0.5290000000000004 0.000807047114222
0.5300000000000004 0.000837677854065
0.5310000000000004 0.000855705915114
0.5320000000000004 0.000840623007093
0.5330000000000004 0.00077800948668
0.5340000000000004 0.000793068877442
0.5350000000000004 0.000755456313868
0.5360000000000004 0.000775900510348
0.5370000000000004 0.000733172114224
0.5380000000000004 0.000777086734729
0.5390000000000004 0.00071699744899
0.5400000000000004 0.000702538185578
0.5410000000000004 0.000731589285806
0.5420000000000004 0.000718660634561
0.5430000000000004 0.000670589843821
0.5440000000000004 0.00069655325251
0.5450000000000004 0.000678676578445
0.5460000000000004 0.000649663185527
0.5470000000000004 0.000646452806109
0.5480000000000004 0.000620982143005
0.5490000000000004 0.000640828364226
0.5500000000000004 0.000630835379411
0.5510000000000004 0.000568455357211
0.5520000000000004 0.000604782844221
0.5530000000000004 0.000578347496798
0.5540000000000004 0.000602925701628
0.5550000000000004 0.000568588568058
0.5560000000000004 0.000532152343794
0.5570000000000004 0.000567909438814
0.5580000000000004 0.000502806042846
0.5590000000000004 0.000525731425341
0.5600000000000004 0.000547633609585
0.5610000000000004 0.000515114795803
0.5620000000000004 0.000502569435525
0.5630000000000004 0.000506359614292
0.5640000000000004 0.000493073899975
0.5650000000000004 0.000475309630019
0.5660000000000004 0.000469499681117
0.5670000000000004 0.000486377471248
0.5680000000000004 0.000443802295877
0.5690000000000004 0.000462673469542
0.5700000000000004 0.000458338568251
0.5710000000000004 0.000438539461129
0.5720000000000004 0.000434441884636
0.5730000000000004 0.000420758211135
0.5740000000000004 0.000419005022422
0.5750000000000004 0.000419718670287
0.5760000000000004 0.000421713568244
0.5770000000000004 0.000374025510155
0.5780000000000004 0.000399330038135
0.5790000000000004 0.000391723134612
0.5800000000000004 0.000367723134559
0.5810000000000004 0.000354202487188
0.5820000000000004 0.000372881935618
0.5830000000000004 0.00036248206311
0.5840000000000004 0.00040775860964
0.5850000000000004 0.000322962292898
0.5860000000000004 0.000325013950828
0.5870000000000004 0.000343437180959
0.5880000000000004 0.000303011399865
0.5890000000000004 0.000327907844394
0.5900000000000004 0.000306066326516
0.5910000000000004 0.000328906170353
0.5920000000000004 0.000303762755152
0.5930000000000004 0.00030671229274
0.5940000000000004 0.000302887755083
0.5950000000000004 0.000315149792868
0.5960000000000004 0.000309642538241
0.5970000000000004 0.000263517139615
0.5980000000000004 0.000271657844451
0.5990000000000004 0.00025496803255
0.6000000000000004 0.000293623724474
0.6010000000000004 0.000279964843685
0.6020000000000004 0.0002660534916
0.6030000000000004 0.000247249681024
0.6040000000000004 0.000252056042655
0.6050000000000004 0.000263035395392
0.6060000000000004 0.000277564971384
0.6070000000000004 0.000249075254942
0.6080000000000004 0.000253367028108
0.6090000000000004 0.000234552295979
0.6100000000000004 0.00022299354282
0.6110000000000004 0.00023187213003
0.6120000000000004 0.000218651466867
0.6130000000000004 0.000215177296013
0.6140000000000004 0.00021518104279
0.6150000000000004 0.000214432318216
0.6160000000000004 0.00021070758919
0.6170000000000004 0.000218405532678
0.6180000000000004 0.00021319443556
0.6190000000000004 0.000203838966968
0.6200000000000004 0.000203107063271
0.6210000000000004 0.000171106823927
0.6220000000000004 0.000179131377536
0.6230000000000004 0.000196205277462
0.6240000000000004 0.000192968032479
0.6250000000000004 0.000175571109594
0.6260000000000004 0.00018734622131
0.6270000000000004 0.000180047114327
0.6280000000000004 0.000186840242463
0.6290000000000004 0.000158474170917
0.6300000000000004 0.000169892857116
0.6310000000000004 0.000185088966873
0.6320000000000005 0.00015309877233
0.6330000000000005 0.00015437468096
0.6340000000000005 0.00018014381385
0.6350000000000005 0.000158928571523
0.6360000000000005 0.000143811782664
0.6370000000000005 0.000147261160805
0.6380000000000005 0.00016619387759
0.6390000000000005 0.000148292091922
0.6400000000000005 0.000138830038281
0.6410000000000005 0.000148892777474
0.6420000000000005 0.000138110969488
0.6430000000000005 0.000132911670789
0.6440000000000005 0.000135878826654
0.6450000000000005 0.000137713966865
0.6460000000000005 0.000129116629523
0.6470000000000005 0.000134684629984
0.6480000000000005 0.000133724170951
0.6490000000000005 0.000113344308033
0.6500000000000005 0.000128073899987
0.6510000000000005 0.000119843670291
0.6520000000000005 0.00010156497126
0.6530000000000005 0.000106088568373
0.6540000000000005 0.000112163185577
0.6550000000000005 0.000126651466644
0.6560000000000005 9.38380101161e-05
0.6570000000000005 0.000123232142755
0.6580000000000005 9.73908640844e-05
0.6590000000000005 0.000110776785732
0.6600000000000005 0.00010221173477
0.6610000000000005 0.000107085379454
0.6620000000000005 9.79770408094e-05
0.6630000000000005 0.000101624282706
0.6640000000000005 0.00010221173477
0.6650000000000005 9.16058672829e-05
0.6660000000000005 9.32008131258e-05
0.6670000000000005 8.88934151817e-05
0.6680000000000005 9.10216039074e-05
0.6690000000000005 9.15532525596e-05
0.6700000000000005 9.47943241272e-05
0.6710000000000005 8.93737244496e-05
0.6720000000000005 8.08899873164e-05
0.6730000000000005 8.08899873164e-05
0.6740000000000005 8.14246651544e-05
0.6750000000000005 9.15532525596e-05
0.6760000000000005 8.25872926953e-05
0.6770000000000005 7.45038265677e-05
0.6780000000000005 7.50407365331e-05
0.6790000000000005 8.26784915944e-05
0.6800000000000005 6.64310426828e-05
0.6810000000000005 7.23134565987e-05
0.6820000000000005 7.38819356911e-05
0.6830000000000005 6.74323182466e-05
0.6840000000000005 7.07409918732e-05
0.6850000000000005 6.5277343765e-05
0.6860000000000005 5.7714843706e-05
0.6870000000000005 7.18168844287e-05
0.6880000000000005 5.99469865392e-05
0.6890000000000005 6.91645408324e-05
0.6900000000000005 6.04193239724e-05
0.6910000000000005 5.8864078369e-05
0.6920000000000005 5.71734693722e-05
0.6930000000000005 6.53149712662e-05
0.6940000000000005 5.82560586508e-05
0.6950000000000005 6.25800381613e-05
0.6960000000000005 5.5548389696e-05
0.6970000000000005 6.04193239724e-05
0.6980000000000005 6.09597417451e-05
0.6990000000000005 5.87971140931e-05
0.7000000000000005 4.46778539072e-05
0.7010000000000005 5.82895407888e-05
0.7020000000000005 5.60902421967e-05
0.7030000000000005 5.17509566862e-05
0.7040000000000005 4.74014668725e-05
0.7050000000000005 4.84897959723e-05
0.7060000000000005 4.30417728694e-05
0.7070000000000005 4.30902423432e-05
0.7080000000000005 4.41326529881e-05
0.7090000000000005 4.79999201843e-05
0.7100000000000005 4.68570632393e-05
0.7110000000000005 5.50379464812e-05
0.7120000000000005 4.90337214387e-05
0.7130000000000005 4.08813775721e-05
0.7140000000000005 3.64830992794e-05
0.7150000000000005 3.48398438064e-05
0.7160000000000005 4.4703363983e-05
0.7170000000000005 4.08813775721e-05
0.7180000000000005 4.19741709266e-05
0.7190000000000005 3.70305324395e-05
0.7200000000000005 4.08813775721e-05
0.7210000000000005 3.53877551333e-05
0.7220000000000005 4.30902423432e-05
0.7230000000000005 3.15490274261e-05
0.7240000000000005 3.37435427582e-05
0.7250000000000005 3.42917730904e-05
0.7260000000000005 4.41823980282e-05
0.7270000000000005 2.88022959012e-05
0.7280000000000005 3.53877551333e-05
0.7290000000000005 3.43112244536e-05
0.7300000000000005 3.59355070714e-05
0.7310000000000005 2.99014667462e-05
0.7320000000000005 3.26466039269e-05
0.7330000000000005 3.26466039269e-05
0.7340000000000005 3.04508130284e-05
0.7350000000000005 3.15490274261e-05
0.7360000000000005 2.77181122783e-05
0.7370000000000005 3.3195153037e-05
0.7380000000000005 3.04508130284e-05
0.7390000000000005 2.60662467326e-05
0.7400000000000005 2.4950175316e-05
0.7410000000000005 2.4950175316e-05
0.7420000000000005 3.26650988427e-05
0.7430000000000005 2.32968748151e-05
0.7440000000000005 2.43992346896e-05
0.7450000000000006 2.66020408617e-05
0.7460000000000006 2.27454561355e-05
0.7470000000000006 2.66020408617e-05
0.7480000000000006 2.71523438187e-05
0.7490000000000006 2.7702487273e-05
0.7500000000000006 2.27454561355e-05
0.7510000000000006 2.55009565535e-05
0.7520000000000006 2.55009565535e-05
0.7530000000000006 2.43992346896e-05
0.7540000000000006 1.88810586224e-05
0.7550000000000006 2.05381855949e-05
0.7560000000000006 2.44129462317e-05
0.7570000000000006 2.10902423987e-05
0.7580000000000006 2.55009565535e-05
0.7590000000000006 1.44550383538e-05
0.7600000000000006 1.77755101731e-05
0.7610000000000006 2.71523438187e-05
0.7620000000000006 1.6115991798e-05
0.7630000000000006 1.88810586224e-05
0.7640000000000006 1.72224966946e-05
0.7650000000000006 1.72224966946e-05
0.7660000000000006 1.6115991798e-05
0.7670000000000006 1.39010682005e-05
0.7680000000000006 1.11288263724e-05
0.7690000000000006 1.50088488908e-05
0.7700000000000006 1.22382015206e-05
0.7710000000000006 1.94335938204e-05
0.7720000000000006 1.55711097705e-05
0.7730000000000006 1.22382015206e-05
0.7740000000000006 1.27926498408e-05
0.7750000000000006 1.22382015206e-05
0.7760000000000006 1.39010682005e-05
0.7770000000000006 1.88810586224e-05
0.7780000000000006 1.72224966946e-05
0.7790000000000006 1.22382015206e-05
0.7800000000000006 1.55625000389e-05
0.7810000000000006 1.50088488908e-05
0.7820000000000006 1.44550383538e-05
0.7830000000000006 1.44630101886e-05
0.7840000000000006 1.27926498408e-05
0.7850000000000006 1.22382015206e-05
0.7860000000000006 1.39010682005e-05
0.7870000000000006 1.05738997718e-05
0.7880000000000006 1.6115991798e-05
0.7890000000000006 1.16835936979e-05
0.7900000000000006 1.6115991798e-05
0.7910000000000006 1.39010682005e-05
0.7920000000000006 1.39010682005e-05
0.7930000000000006 8.35259891119e-06
0.7940000000000006 1.00188136685e-05
0.7950000000000006 1.16835936979e-05
0.7960000000000006 1.22448977891e-05
0.7970000000000006 1.83283640354e-05
0.7980000000000006 1.3346938772e-05
0.7990000000000006 1.39010682005e-05
0.8000000000000006 8.90816340871e-06
0.8010000000000006 1.44550383538e-05
0.8020000000000006 1.11288263724e-05
0.8030000000000006 1.11288263724e-05
0.8040000000000006 1.22382015206e-05
0.8050000000000006 7.79687502472e-06
0.8060000000000006 1.22382015206e-05
0.8070000000000006 9.46356840359e-06
0.8080000000000006 9.46356840359e-06
0.8090000000000006 1.05738997718e-05
0.8100000000000006 8.90816340871e-06
0.8110000000000006 6.68494897127e-06
0.8120000000000006 1.11288263724e-05
0.8130000000000006 1.16835936979e-05
0.8140000000000006 1.00188136685e-05
0.8150000000000006 5.57238513466e-06
0.8160000000000006 9.46356840359e-06
0.8170000000000006 3.90234367842e-06
0.8180000000000006 4.45918362857e-06
0.8190000000000006 5.57238513466e-06
0.8200000000000006 8.35259891119e-06
0.8210000000000006 4.45918362857e-06
0.8220000000000006 7.79687502472e-06
0.8230000000000006 7.24099174931e-06
0.8240000000000006 5.57238513466e-06
0.8250000000000006 7.24099174931e-06
0.8260000000000006 5.57238513466e-06
0.8270000000000006 5.57238513466e-06
0.8280000000000006 7.24099174931e-06
0.8290000000000006 6.12874669059e-06
0.8300000000000006 1.22382015206e-05
0.8310000000000006 7.24099174931e-06
0.8320000000000006 8.35706316593e-06
0.8330000000000006 4.45918362857e-06
0.8340000000000006 1.05738997718e-05
0.8350000000000006 7.24099174931e-06
0.8360000000000006 6.12874669059e-06
0.8370000000000006 6.68494897127e-06
0.8380000000000006 1.05738997718e-05
0.8390000000000006 6.68494897127e-06
0.8400000000000006 7.79687502472e-06
0.8410000000000006 8.35259891119e-06
0.8420000000000006 6.12874669059e-06
0.8430000000000006 4.45918362857e-06
0.8440000000000006 6.12874669059e-06
0.8450000000000006 6.12874669059e-06
0.8460000000000006 4.45918362857e-06
0.8470000000000006 6.12874669059e-06
0.8480000000000006 3.34534422564e-06
0.8490000000000006 6.12874669059e-06
0.8500000000000006 3.90234367842e-06
0.8510000000000006 4.45918362857e-06
0.8520000000000006 6.68494897127e-06
0.8530000000000006 3.90234367842e-06
0.8540000000000006 3.90234367842e-06
0.8550000000000006 6.68494897127e-06
0.8560000000000006 5.01586407609e-06
0.8570000000000007 6.68494897127e-06
0.8580000000000007 5.01586407609e-06
0.8590000000000007 5.01586407609e-06
0.8600000000000007 5.57238513466e-06
0.8610000000000007 2.2308673806e-06
0.8620000000000007 5.01586407609e-06
0.8630000000000007 6.12874669059e-06
0.8640000000000007 6.68494897127e-06
0.8650000000000007 1.11575252504e-06
0.8660000000000007 3.90234367842e-06
0.8670000000000007 5.57956013836e-07
0.8680000000000007 5.57956013836e-07
0.8690000000000007 4.45918362857e-06
0.8700000000000007 2.78818572497e-06
0.8710000000000007 3.90234367842e-06
0.8720000000000007 3.90234367842e-06
0.8730000000000007 1.11575252504e-06
0.8740000000000007 2.78818572497e-06
0.8750000000000007 2.78818572497e-06
0.8760000000000007 3.34534422564e-06
0.8770000000000007 2.2308673806e-06
0.8780000000000007 2.78818572497e-06
0.8790000000000007 5.01586407609e-06
0.8800000000000007 3.34534422564e-06
0.8810000000000007 3.34534422564e-06
0.8820000000000007 2.2308673806e-06
0.8830000000000007 6.68494897127e-06
0.8840000000000007 2.78818572497e-06
0.8850000000000007 5.01841509504e-06
0.8860000000000007 3.90234367842e-06
0.8870000000000007 1.11575252504e-06
0.8880000000000007 1.11575252504e-06
0.8890000000000007 1.67338976098e-06
0.8900000000000007 2.2308673806e-06
0.8910000000000007 1.67338976098e-06
0.8920000000000007 3.90234367842e-06
0.8930000000000007 2.78818572497e-06
0.8940000000000007 3.90234367842e-06
0.8950000000000007 1.67338976098e-06
0.8960000000000007 1.67338976098e-06
0.8970000000000007 2.2308673806e-06
0.8980000000000007 2.2308673806e-06
0.8990000000000007 1.67338976098e-06
0.9000000000000007 1.11575252504e-06
0.9010000000000007 1.11575252504e-06
0.9020000000000007 2.2308673806e-06
0.9030000000000007 2.78818572497e-06
0.9040000000000007 5.57956013836e-07
0.9050000000000007 1.67338976098e-06
0.9060000000000007 1.67338976098e-06
0.9070000000000007 1.67338976098e-06
0.9080000000000007 1.67338976098e-06
0.9090000000000007 1.67338976098e-06
0.9100000000000007 2.78818572497e-06
0.9110000000000007 2.78818572497e-06
0.9120000000000007 2.2308673806e-06
0.9130000000000007 5.57956013836e-07
0.9140000000000007 1.67338976098e-06
0.9150000000000007 2.2308673806e-06
0.9160000000000007 2.2308673806e-06
0.9170000000000007 1.67338976098e-06
0.9180000000000007 2.78818572497e-06
0.9190000000000007 1.67338976098e-06
0.9200000000000007 5.57956013836e-07
0.9210000000000007 2.2308673806e-06
0.9220000000000007 1.11575252504e-06
0.9230000000000007 1.11575252504e-06
0.9240000000000007 2.2308673806e-06
0.9250000000000007 2.2308673806e-06
0.9260000000000007 1.67338976098e-06
0.9270000000000007 1.67338976098e-06
0.9280000000000007 1.11575252504e-06
0.9290000000000007 2.78818572497e-06
0.9300000000000007 5.57956013836e-07
0.9310000000000007 2.2308673806e-06
0.9320000000000007 1.11575252504e-06
0.9330000000000007 0.0
0.9340000000000007 5.57956013836e-07
0.9350000000000007 1.11575252504e-06
0.9360000000000007 1.11575252504e-06
0.9370000000000007 1.11575252504e-06
0.9380000000000007 5.57956013836e-07
0.9390000000000007 5.57956013836e-07
0.9400000000000007 1.11575252504e-06
0.9410000000000007 1.67338976098e-06
0.9420000000000007 1.11575252504e-06
0.9430000000000007 1.11575252504e-06
0.9440000000000007 1.11575252504e-06
0.9450000000000007 1.11575252504e-06
0.9460000000000007 1.67338976098e-06
0.9470000000000007 0.0
0.9480000000000007 1.11575252504e-06
0.9490000000000007 1.11575252504e-06
0.9500000000000007 5.57956013836e-07
0.9510000000000007 1.11575252504e-06
0.9520000000000007 5.57956013836e-07
0.9530000000000007 1.11575252504e-06
0.9540000000000007 1.67338976098e-06
0.9550000000000007 1.67338976098e-06
0.9560000000000007 2.2308673806e-06
0.9570000000000007 5.57956013836e-07
0.9580000000000007 0.0
0.9590000000000007 1.11575252504e-06
0.9600000000000007 0.0
0.9610000000000007 1.11575252504e-06
0.9620000000000007 0.0
0.9630000000000007 1.11575252504e-06
0.9640000000000007 5.57956013836e-07
0.9650000000000007 5.57956013836e-07
0.9660000000000007 2.2308673806e-06
0.9670000000000007 5.57956013836e-07
0.9680000000000007 5.57956013836e-07
0.9690000000000007 5.57956013836e-07
0.9700000000000008 0.0
0.9710000000000008 1.67338976098e-06
0.9720000000000008 1.11575252504e-06
0.9730000000000008 5.57956013836e-07
0.9740000000000008 5.57956013836e-07
0.9750000000000008 5.57956013836e-07
0.9760000000000008 1.11575252504e-06
0.9770000000000008 0.0
0.9780000000000008 1.11575252504e-06
0.9790000000000008 0.0
0.9800000000000008 5.57956013836e-07
0.9810000000000008 0.0
0.9820000000000008 5.57956013836e-07
0.9830000000000008 5.57956013836e-07
0.9840000000000008 5.57956013836e-07
0.9850000000000008 5.57956013836e-07
0.9860000000000008 0.0
0.9870000000000008 0.0
0.9880000000000008 0.0
0.9890000000000008 1.11575252504e-06
0.9900000000000008 5.57956013836e-07
0.9910000000000008 0.0
0.9920000000000008 0.0
0.9930000000000008 0.0
0.9940000000000008 5.57956013836e-07
0.9950000000000008 1.11575252504e-06
0.9960000000000008 0.0
0.9970000000000008 0.0
0.9980000000000008 1.67338976098e-06
0.9990000000000008 0.0
1.0000000000000007 5.58035708309e-07
