0.0 0.0
0.001 4.56283004e-06
0.002 1.456335964e-05
0.003 3.789149436e-05
0.004 5.517002096e-05
0.005 9.92656e-05
0.006 0.000161706204
0.007 0.00020167860951
0.008 0.00025186564544
0.009000000000000001 0.00033818795271
0.010000000000000002 0.000414172975
0.011000000000000003 0.00054345083804
0.012000000000000004 0.00063968937984
0.013000000000000005 0.00073849798464
0.014000000000000005 0.00090724922176
0.015000000000000006 0.00099028749375
0.016000000000000007 0.00117168328704
0.017000000000000008 0.00129690159164
0.01800000000000001 0.00142508968704
0.01900000000000001 0.00170492768096
0.02000000000000001 0.001853258876
0.02100000000000001 0.00206867298204
0.022000000000000013 0.00222668428224
0.023000000000000013 0.002424478944
0.024000000000000014 0.00280070645184
0.025000000000000015 0.00313738349375
0.026000000000000016 0.00312381373824
0.027000000000000017 0.00357495429744
0.028000000000000018 0.00375452955584
0.02900000000000002 0.00429898423936
0.03000000000000002 0.004594115664
0.03100000000000002 0.00495534228999
0.03200000000000002 0.00521808280576
0.03300000000000002 0.00540686056284
0.03400000000000002 0.00605667092476
0.035000000000000024 0.006248709516
0.036000000000000025 0.007061346396
0.037000000000000026 0.00736530475479
0.03800000000000003 0.00787946388336
0.03900000000000003 0.00844687470159
0.04000000000000003 0.008619197184
0.04100000000000003 0.00977622153775
0.04200000000000003 0.00964231398396
0.04300000000000003 0.0101531827784
0.04400000000000003 0.011583779365
0.04500000000000003 0.012568854159
0.046000000000000034 0.0127877030176
0.047000000000000035 0.0134197000942
0.048000000000000036 0.0146863728
0.04900000000000004 0.0143333451398
0.05000000000000004 0.0148503671
0.05100000000000004 0.0167229974732
0.05200000000000004 0.0172938744826
0.05300000000000004 0.0185026548811
0.05400000000000004 0.0195297583388
0.05500000000000004 0.020139333775
0.05600000000000004 0.021332025344
0.057000000000000044 0.0216585710032
0.058000000000000045 0.02358904884
0.059000000000000045 0.0240710450667
0.060000000000000046 0.025001727984
0.06100000000000005 0.0261174087248
0.06200000000000005 0.0287537485324
0.06300000000000004 0.0292094395091
0.06400000000000004 0.0320609776026
0.06500000000000004 0.032672060031
0.06600000000000004 0.031659651936
0.06700000000000005 0.034518038192
0.06800000000000005 0.0354255911
0.06900000000000005 0.037847659959
0.07000000000000005 0.040354409375
0.07100000000000005 0.0409998987084
0.07200000000000005 0.0445569921274
0.07300000000000005 0.0488569101478
0.07400000000000005 0.0479224120946
0.07500000000000005 0.0502980039
0.07600000000000005 0.051375070976
0.07700000000000005 0.0537546834656
0.07800000000000006 0.056941797159
0.07900000000000006 0.0588611271839
0.08000000000000006 0.057929099264
0.08100000000000006 0.0634235176192
0.08200000000000006 0.065535733279
0.08300000000000006 0.0681785288115
0.08400000000000006 0.072564100933
0.08500000000000006 0.0742491655198
0.08600000000000006 0.074660499123
0.08700000000000006 0.0795158569403
0.08800000000000006 0.083843340057
0.08900000000000007 0.0869609253574
0.09000000000000007 0.0915610959
0.09100000000000007 0.0984795863588
0.09200000000000007 0.100043515443
0.09300000000000007 0.10326372521
0.09400000000000007 0.107226624991
0.09500000000000007 0.110370868919
0.09600000000000007 0.116844472074
0.09700000000000007 0.118909433173
0.09800000000000007 0.12762308044
0.09900000000000007 0.128110673992
0.10000000000000007 0.1326419231
0.10100000000000008 0.135649287254
0.10200000000000008 0.146210276845
0.10300000000000008 0.146290885271
0.10400000000000008 0.15141186434
0.10500000000000008 0.165656745088
0.10600000000000008 0.160816965063
0.10700000000000008 0.164309361784
0.10800000000000008 0.183928075302
0.10900000000000008 0.187634845622
0.11000000000000008 0.193425429791
0.11100000000000008 0.200859209064
0.11200000000000009 0.201995527104
0.11300000000000009 0.212910023933
0.11400000000000009 0.225860623314
0.11500000000000009 0.227662677538
0.11600000000000009 0.237445338148
0.11700000000000009 0.247446914771
0.11800000000000009 0.252396531571
0.11900000000000009 0.267498376233
0.12000000000000009 0.272012223744
0.1210000000000001 0.274914570021
0.1220000000000001 0.285374093213
0.1230000000000001 0.292134496482
0.1240000000000001 0.306648510461
0.12500000000000008 0.3162245775
0.12600000000000008 0.324654737745
0.12700000000000009 0.334016246644
0.12800000000000009 0.3458931712
0.1290000000000001 0.362103350751
0.1300000000000001 0.365895146591
0.1310000000000001 0.372234588528
0.1320000000000001 0.386100267126
0.1330000000000001 0.399799985424
0.1340000000000001 0.407020448374
0.1350000000000001 0.427047007356
0.1360000000000001 0.424289255383
0.1370000000000001 0.449095453959
0.1380000000000001 0.455706733362
0.1390000000000001 0.454080469574
0.1400000000000001 0.473861649884
0.1410000000000001 0.489641288848
0.1420000000000001 0.51739556007
0.1430000000000001 0.510277041413
0.1440000000000001 0.521306586685
0.1450000000000001 0.542142340079
0.1460000000000001 0.541122740577
0.1470000000000001 0.564906411702
0.1480000000000001 0.569580049812
0.1490000000000001 0.582334909883
0.1500000000000001 0.610243935975
0.1510000000000001 0.607800414244
0.1520000000000001 0.604364046961
0.1530000000000001 0.629944482404
0.1540000000000001 0.623534127007
0.1550000000000001 0.65015550675
0.1560000000000001 0.657372537675
0.1570000000000001 0.678263219188
0.1580000000000001 0.677935563993
0.1590000000000001 0.674735580701
0.16000000000000011 0.702926128896
0.16100000000000012 0.707794710782
0.16200000000000012 0.716265732326
0.16300000000000012 0.739128802776
0.16400000000000012 0.747655857645
0.16500000000000012 0.755469410578
0.16600000000000012 0.752127242
0.16700000000000012 0.755930406814
0.16800000000000012 0.776699699046
0.16900000000000012 0.765342005311
0.17000000000000012 0.783525147231
0.17100000000000012 0.798876733398
0.17200000000000013 0.781233434214
0.17300000000000013 0.801160235244
0.17400000000000013 0.791768995148
0.17500000000000013 0.8045109394
0.17600000000000013 0.808954471424
0.17700000000000013 0.829230859228
0.17800000000000013 0.802445203356
0.17900000000000013 0.821796421249
0.18000000000000013 0.832772933244
0.18100000000000013 0.82971425089
0.18200000000000013 0.825409587897
0.18300000000000013 0.832799409896
0.18400000000000014 0.815144154004
0.18500000000000014 0.822169281828
0.18600000000000014 0.821556323559
0.18700000000000014 0.82534767857
0.18800000000000014 0.815586536677
0.18900000000000014 0.8309929741
0.19000000000000014 0.829354780704
0.19100000000000014 0.819362291065
0.19200000000000014 0.809297634263
0.19300000000000014 0.819484542414
0.19400000000000014 0.792064578052
0.19500000000000015 0.79934668945
0.19600000000000015 0.797826776025
0.19700000000000015 0.816624179958
0.19800000000000015 0.822243249844
0.19900000000000015 0.806509257837
0.20000000000000015 0.7749222396
0.20100000000000015 0.787640164405
0.20200000000000015 0.770309202875
0.20300000000000015 0.768878649478
0.20400000000000015 0.763227568269
0.20500000000000015 0.7582891821
0.20600000000000016 0.785971902934
0.20700000000000016 0.74687015299
0.20800000000000016 0.740338925814
0.20900000000000016 0.717055865119
0.21000000000000016 0.729521447004
0.21100000000000016 0.783662470361
0.21200000000000016 0.724726199567
0.21300000000000016 0.710622267177
0.21400000000000016 0.672249456079
0.21500000000000016 0.70296623958
0.21600000000000016 0.685814980585
0.21700000000000016 0.710480291759
0.21800000000000017 0.668411508056
0.21900000000000017 0.642385564989
0.22000000000000017 0.671291868764
0.22100000000000017 0.674874777118
0.22200000000000017 0.645532824303
0.22300000000000017 0.62372032881
0.22400000000000017 0.645350915113
0.22500000000000017 0.604372079194
0.22600000000000017 0.605412155431
0.22700000000000017 0.613733758917
0.22800000000000017 0.616694392476
0.22900000000000018 0.622019993944
0.23000000000000018 0.591308209984
0.23100000000000018 0.606774844451
0.23200000000000018 0.582360058122
0.23300000000000018 0.567383693538
0.23400000000000018 0.549920044379
0.23500000000000018 0.545704511548
0.23600000000000018 0.574043508764
0.23700000000000018 0.582213725154
0.23800000000000018 0.520182144147
0.23900000000000018 0.536026569098
0.24000000000000019 0.525163248576
0.2410000000000002 0.517303314597
0.2420000000000002 0.530681784894
0.2430000000000002 0.473785707565
0.2440000000000002 0.4991245212
0.2450000000000002 0.489643783671
0.2460000000000002 0.499613812019
0.2470000000000002 0.486251430431
0.2480000000000002 0.466790408442
0.2490000000000002 0.451124312961
0.25000000000000017 0.48035416
0.25100000000000017 0.453908596784
0.25200000000000017 0.451678121113
0.25300000000000017 0.430652151944
0.25400000000000017 0.455526169591
0.25500000000000017 0.4495102821
0.25600000000000017 0.438756806492
0.2570000000000002 0.432727282946
0.2580000000000002 0.423682839405
0.2590000000000002 0.4273414317
0.2600000000000002 0.403833614704
0.2610000000000002 0.379328570464
0.2620000000000002 0.383660970092
0.2630000000000002 0.374834568995
0.2640000000000002 0.373782457446
0.2650000000000002 0.38162385163
0.2660000000000002 0.371629439938
0.2670000000000002 0.345670550921
0.2680000000000002 0.382121491634
0.2690000000000002 0.375287862318
0.2700000000000002 0.374791427136
0.2710000000000002 0.356738187946
0.2720000000000002 0.357651866583
0.2730000000000002 0.346843500666
0.2740000000000002 0.319160171494
0.2750000000000002 0.3265602329
0.2760000000000002 0.311826022559
0.2770000000000002 0.325872163398
0.2780000000000002 0.300864941893
0.2790000000000002 0.323163605048
0.2800000000000002 0.318541921264
0.2810000000000002 0.313472504277
0.2820000000000002 0.312269619268
0.2830000000000002 0.304357901093
0.2840000000000002 0.299527189754
0.2850000000000002 0.29762304568
0.2860000000000002 0.294420314463
0.2870000000000002 0.27857547598
0.2880000000000002 0.288737605878
0.2890000000000002 0.290336983083
0.2900000000000002 0.285162616604
0.2910000000000002 0.276440501248
0.2920000000000002 0.271755027174
0.2930000000000002 0.253744064432
0.2940000000000002 0.258378294384
0.2950000000000002 0.2756864975
0.2960000000000002 0.272152622064
0.2970000000000002 0.257103125136
0.2980000000000002 0.238705577371
0.2990000000000002 0.236807849678
0.3000000000000002 0.2222731836
0.3010000000000002 0.238761435011
0.3020000000000002 0.258642428461
0.3030000000000002 0.231577992421
0.3040000000000002 0.220473668393
0.3050000000000002 0.232615155871
0.3060000000000002 0.212472354061
0.3070000000000002 0.226983708289
0.3080000000000002 0.236393768294
0.3090000000000002 0.224177533079
0.3100000000000002 0.207555795936
0.3110000000000002 0.204561197045
0.3120000000000002 0.20012396055
0.3130000000000002 0.203644315996
0.3140000000000002 0.210878686561
0.3150000000000002 0.204397272639
0.3160000000000002 0.214127802309
0.3170000000000002 0.204632936668
0.3180000000000002 0.212456200833
0.31900000000000023 0.19852754468
0.32000000000000023 0.195392502784
0.32100000000000023 0.195583852158
0.32200000000000023 0.184126095023
0.32300000000000023 0.184321800144
0.32400000000000023 0.200570268636
0.32500000000000023 0.187832983975
0.32600000000000023 0.182019031668
0.32700000000000023 0.178650599162
0.32800000000000024 0.174709319759
0.32900000000000024 0.164712450141
0.33000000000000024 0.178748214975
0.33100000000000024 0.168664600667
0.33200000000000024 0.161151786736
0.33300000000000024 0.168943454473
0.33400000000000024 0.161367002312
0.33500000000000024 0.158171036128
0.33600000000000024 0.164381412465
0.33700000000000024 0.161027013839
0.33800000000000024 0.149380627591
0.33900000000000025 0.15640784415
0.34000000000000025 0.1415253519
0.34100000000000025 0.133459699115
0.34200000000000025 0.160232229351
0.34300000000000025 0.147238870578
0.34400000000000025 0.144894460887
0.34500000000000025 0.149372774494
0.34600000000000025 0.128245620144
0.34700000000000025 0.154642452688
0.34800000000000025 0.1271228688
0.34900000000000025 0.128432624748
0.35000000000000026 0.138252734375
0.35100000000000026 0.124626532899
0.35200000000000026 0.130234998784
0.35300000000000026 0.117178414553
0.35400000000000026 0.122246648997
0.35500000000000026 0.125459539688
0.35600000000000026 0.121602233876
0.35700000000000026 0.10717157734
0.35800000000000026 0.11816586356
0.35900000000000026 0.124519538079
0.36000000000000026 0.115710814656
0.36100000000000027 0.119927931527
0.36200000000000027 0.115628424148
0.36300000000000027 0.115509969065
0.36400000000000027 0.108576463996
0.36500000000000027 0.108559349138
0.36600000000000027 0.113417860722
0.36700000000000027 0.10771137381
0.36800000000000027 0.105599036201
0.36900000000000027 0.109287719034
0.3700000000000003 0.103709219264
0.3710000000000003 0.108002321642
0.3720000000000003 0.103473763148
0.3730000000000003 0.090661465044
0.3740000000000003 0.104085821574
0.3750000000000003 0.1053512775
0.3760000000000003 0.103092685514
0.3770000000000003 0.100091784243
0.3780000000000003 0.0978310159168
0.3790000000000003 0.102909800374
0.3800000000000003 0.0890150551
0.3810000000000003 0.0849721847327
0.3820000000000003 0.0932774794512
0.3830000000000003 0.0927863300098
0.3840000000000003 0.099600592896
0.3850000000000003 0.090011890199
0.3860000000000003 0.0888035812572
0.3870000000000003 0.0972901760396
0.3880000000000003 0.089260397936
0.3890000000000003 0.0799233321136
0.3900000000000003 0.0850602519
0.3910000000000003 0.0810940615759
0.3920000000000003 0.081683842455
0.3930000000000003 0.0798208741814
0.3940000000000003 0.069412807175
0.3950000000000003 0.0717359746678
0.3960000000000003 0.080607187584
0.3970000000000003 0.0747391192692
0.3980000000000003 0.0868514416268
0.3990000000000003 0.080452537384
0.4000000000000003 0.0697474496
0.4010000000000003 0.074945969279
0.4020000000000003 0.074138459449
0.4030000000000003 0.0709737139504
0.4040000000000003 0.0652876257522
0.4050000000000003 0.0663561677678
0.4060000000000003 0.0645590067676
0.4070000000000003 0.065117788069
0.4080000000000003 0.067875547847
0.4090000000000003 0.0623467511555
0.4100000000000003 0.067918310396
0.4110000000000003 0.065536746592
0.4120000000000003 0.0633299773758
0.4130000000000003 0.0601982758306
0.4140000000000003 0.0708139645042
0.4150000000000003 0.058322763119
0.4160000000000003 0.06876272
0.4170000000000003 0.0557563236659
0.4180000000000003 0.051061130344
0.4190000000000003 0.060218125244
0.4200000000000003 0.0643514256
0.4210000000000003 0.0552389282876
0.4220000000000003 0.0561222750566
0.4230000000000003 0.0499274731972
0.4240000000000003 0.0526618537926
0.4250000000000003 0.0614867441
0.4260000000000003 0.056976023484
0.4270000000000003 0.0522842829724
0.4280000000000003 0.0533356904062
0.4290000000000003 0.0543993982646
0.4300000000000003 0.053813989375
0.4310000000000003 0.0498116189586
0.43200000000000033 0.047760394176
0.43300000000000033 0.046846734622
0.43400000000000033 0.052589590405
0.43500000000000033 0.0522154560938
0.43600000000000033 0.0536949704894
0.43700000000000033 0.0497486161466
0.43800000000000033 0.047024609436
0.43900000000000033 0.0418136558759
0.44000000000000034 0.0440671836
0.44100000000000034 0.042711691622
0.44200000000000034 0.043300037391
0.44300000000000034 0.0357656659036
0.44400000000000034 0.0464403506558
0.44500000000000034 0.0429165146478
0.44600000000000034 0.048019752606
0.44700000000000034 0.0410827264919
0.44800000000000034 0.045376362537
0.44900000000000034 0.0420468541007
0.45000000000000034 0.03683151
0.45100000000000035 0.035086477235
0.45200000000000035 0.0388012338494
0.45300000000000035 0.0406206598298
0.45400000000000035 0.0369043195378
0.45500000000000035 0.0422724326798
0.45600000000000035 0.0352177377178
0.45700000000000035 0.0377505406763
0.45800000000000035 0.034900062351
0.45900000000000035 0.0390089165471
0.46000000000000035 0.035537032924
0.46100000000000035 0.0395737139276
0.46200000000000035 0.0375629935666
0.46300000000000036 0.031601454803
0.46400000000000036 0.0371692159974
0.46500000000000036 0.0363749241578
0.46600000000000036 0.030335805032
0.46700000000000036 0.030466141316
0.46800000000000036 0.033753506099
0.46900000000000036 0.0314191742498
0.47000000000000036 0.034705607836
0.47100000000000036 0.0320188971902
0.47200000000000036 0.0322151991066
0.47300000000000036 0.0316057461347
0.47400000000000037 0.0317395269212
0.47500000000000037 0.0343544724938
0.47600000000000037 0.030196019159
0.47700000000000037 0.032530958775
0.47800000000000037 0.0268523170586
0.47900000000000037 0.0363755187798
0.48000000000000037 0.033811382016
0.48100000000000037 0.0283144010795
0.4820000000000004 0.0244008015376
0.4830000000000004 0.0318869763232
0.4840000000000004 0.0234642428698
0.4850000000000004 0.0292191578798
0.4860000000000004 0.0255233775514
0.4870000000000004 0.025628520087
0.4880000000000004 0.0262302851482
0.4890000000000004 0.0285187158496
0.4900000000000004 0.0267029616
0.4910000000000004 0.0241574348158
0.4920000000000004 0.0242463308774
0.4930000000000004 0.0244148650896
0.4940000000000004 0.025214775664
0.4950000000000004 0.0218612260598
0.4960000000000004 0.0188033374618
0.4970000000000004 0.0259741918736
0.4980000000000004 0.0252330776986
0.4990000000000004 0.0218218873878
0.5000000000000003 0.01910784
0.5010000000000003 0.0199796796
0.5020000000000003 0.0256400562586
0.5030000000000003 0.0238054245232
0.5040000000000003 0.0214877113114
0.5050000000000003 0.0183092010938
0.5060000000000003 0.0236223319834
0.5070000000000003 0.0233092444478
0.5080000000000003 0.0189061402522
0.5090000000000003 0.0265211866876
0.5100000000000003 0.014927825664
0.5110000000000003 0.0178878747634
0.5120000000000003 0.0183737358746
0.5130000000000003 0.0188938893938
0.5140000000000003 0.0180985250554
0.5150000000000003 0.0148006159
0.5160000000000003 0.0178172551066
0.5170000000000003 0.0200056621758
0.5180000000000003 0.0179556410342
0.5190000000000003 0.0133188886526
0.5200000000000004 0.0172363776
0.5210000000000004 0.0182273608688
0.5220000000000004 0.015205697136
0.5230000000000004 0.014394671507
0.5240000000000004 0.014480784037
0.5250000000000004 0.0176013435938
0.5260000000000004 0.0136805878982
0.5270000000000004 0.0221404864478
0.5280000000000004 0.012898064425
0.5290000000000004 0.012501773545
0.5300000000000004 0.016121592576
0.5310000000000004 0.0139419112766
0.5320000000000004 0.018041081856
0.5330000000000004 0.0131435025842
0.5340000000000004 0.0172716023578
0.5350000000000004 0.0168884199
0.5360000000000004 0.0169449938842
0.5370000000000004 0.011964960409
0.5380000000000004 0.0115488156
0.5390000000000004 0.0129788978458
0.5400000000000004 0.010706198976
0.5410000000000004 0.00888059714544
0.5420000000000004 0.012656340167
0.5430000000000004 0.0131722493414
0.5440000000000004 0.00992256835584
0.5450000000000004 0.010432278384
0.5460000000000004 0.013318201129
0.5470000000000004 0.00767925583471
0.5480000000000004 0.014371348224
0.5490000000000004 0.0120258999
0.5500000000000004 0.00966064
0.5510000000000004 0.0111468200114
0.5520000000000004 0.0121576896
0.5530000000000004 0.009766316224
0.5540000000000004 0.0132229725178
0.5550000000000004 0.009346168476
0.5560000000000004 0.0099058767
0.5570000000000004 0.0123789351
0.5580000000000004 0.00944748121536
0.5590000000000004 0.014954090736
0.5600000000000004 0.008515419136
0.5610000000000004 0.0125573679
0.5620000000000004 0.0126021756
0.5630000000000004 0.00810142334976
0.5640000000000004 0.0126920304
0.5650000000000004 0.004592702844
0.5660000000000004 0.00869886993856
0.5670000000000004 0.0118386105976
0.5680000000000004 0.007731361536
0.5690000000000004 0.00620875174656
0.5700000000000004 0.0077859036
0.5710000000000004 0.011451394585
0.5720000000000004 0.007840637376
0.5730000000000004 0.0120547174334
0.5740000000000004 0.010522145536
0.5750000000000004 0.01055884
0.5760000000000004 0.007950680064
0.5770000000000004 0.00904027416304
0.5780000000000004 0.00747300472576
0.5790000000000004 0.00375207091056
0.5800000000000004 0.008598061056
0.5810000000000004 0.008089311804
0.5820000000000004 0.008117181936
0.5830000000000004 0.00760285468096
0.5840000000000004 0.00490678631424
0.5850000000000004 0.0054701244
0.5860000000000004 0.005488841664
0.5870000000000004 0.00770753991616
0.5880000000000004 0.00883688472576
0.5890000000000004 0.00443703632896
0.5900000000000004 0.003895990896
0.5910000000000004 0.00614058351984
0.5920000000000004 0.00728017465344
0.5930000000000004 0.00674355880704
0.5940000000000004 0.00620308269504
0.5950000000000004 0.0056587356
0.5960000000000004 0.005677772544
0.5970000000000004 0.00797238461376
0.5980000000000004 0.00514486305216
0.5990000000000004 0.00344242290624
0.6000000000000004 0.0063290304
0.6010000000000004 0.00404261938416
0.6020000000000004 0.00637129425856
0.6030000000000004 0.00348855201216
0.6040000000000004 0.00466590908416
0.6050000000000004 0.007019246784
0.6060000000000004 0.00411016406976
0.6070000000000004 0.00471237428224
0.6080000000000004 0.00531837075456
0.6090000000000004 0.005928161904
0.6100000000000004 0.004759069696
0.6110000000000004 0.010137068837
0.6120000000000004 0.005986711296
0.6130000000000004 0.006006291696
0.6140000000000004 0.00361699010304
0.6150000000000004 0.007253205696
0.6160000000000004 0.00424693226496
0.6170000000000004 0.00669275626096
0.6180000000000004 0.003053864304
0.6190000000000004 0.00490053723136
0.6200000000000004 0.006757998016
0.6210000000000004 0.00431615577456
0.6220000000000004 0.00680166832576
0.6230000000000004 0.00372380277696
0.6240000000000004 0.00186844409856
0.6250000000000004 0.00374775
0.6260000000000004 0.00563793568704
0.6270000000000004 0.00565596264816
0.6280000000000004 0.00378381474816
0.6290000000000004 0.003163545436
0.6300000000000004 0.003807953856
0.6310000000000004 0.00572835823344
0.6320000000000005 0.003193794304
0.6330000000000005 0.00576472867056
0.6340000000000005 0.00578295705024
0.6350000000000005 0.00455430943975
0.6360000000000005 0.00452718395136
0.6370000000000005 0.00518968812544
0.6380000000000005 0.00130228029184
0.6390000000000005 0.00456999396336
0.6400000000000005 0.005238685696
0.6410000000000005 0.00525506937856
0.6420000000000005 0.00399650288796
0.6430000000000005 0.00462738735984
0.6440000000000005 0.00397907672064
0.6450000000000005 0.004656218364
0.6460000000000005 0.00600394198464
0.6470000000000005 0.003347197564
0.6480000000000005 0.00469963275264
0.6490000000000005 0.003367923196
0.6500000000000005 0.0020273916
0.6510000000000005 0.00067801379184
0.6520000000000005 0.006794862336
0.6530000000000005 0.00409107028416
0.6540000000000005 0.00273628744704
0.6550000000000005 0.006172399836
0.6560000000000005 0.00068846874624
0.6570000000000005 0.003451465404
0.6580000000000005 0.00276986121216
0.6590000000000005 0.003472510876
0.6600000000000005 0.002786724864
0.6610000000000005 0.00139786757056
0.6620000000000005 0.00210294012864
0.6630000000000005 0.00210929822064
0.6640000000000005 0.00211566590976
0.6650000000000005 0.002829107904
0.6660000000000005 0.00141909532416
0.6670000000000005 0.00284615068416
0.6680000000000005 0.00142763121664
0.6690000000000005 0.00429400764864
0.6700000000000005 0.002154073584
0.6710000000000005 0.00144048304576
0.6720000000000005 0.00144477978624
0.6730000000000005 0.00217340698224
0.6740000000000005 0.00072676891584
0.6750000000000005 0.0014577084
0.6760000000000005 0.00438433741824
0.6770000000000005 0.00073325306736
0.6780000000000005 0.003675633264
0.6790000000000005 0.00147503613376
0.6800000000000005 0.002218854144
0.6810000000000005 0.00148373839296
0.6820000000000005 0.00148809912064
0.6830000000000005 0.00522101952624
0.6840000000000005 0.00149683977216
0.6850000000000005 0.0
0.6860000000000005 0.00225818314176
0.6870000000000005 0.00150999873984
0.6880000000000005 0.00151439785984
0.6890000000000005 0.00075947764464
0.6900000000000005 0.000761683824
0.6910000000000005 0.00152763361216
0.6920000000000005 0.00153205832704
0.6930000000000005 0.00307236416256
0.6940000000000005 0.003851161456
0.6950000000000005 0.000772762716
0.6960000000000005 0.00232449924096
0.6970000000000005 0.00077721667056
0.6980000000000005 0.00311685835776
0.6990000000000005 0.00156321049536
0.7000000000000005 0.0015676864
0.7010000000000005 0.00078616297584
0.7020000000000005 0.00157665740544
0.7030000000000005 0.003951695164
0.7040000000000005 0.00317067362304
0.7050000000000005 0.00481934823975
0.7060000000000005 0.00079741785024
0.7070000000000005 0.00159919689664
0.7080000000000005 0.00240534537984
0.7090000000000005 0.00080420917104
0.7100000000000005 0.001612797376
0.7110000000000005 0.00080875271664
0.7120000000000005 0.00162189635584
0.7130000000000005 0.00081330906096
0.7140000000000005 0.00081559203264
0.7150000000000005 0.003270531264
0.7160000000000005 0.00164017110016
0.7170000000000005 0.00164475578304
0.7180000000000005 0.00082475591616
0.7190000000000005 0.00082705488624
0.7200000000000005 0.0
0.7210000000000005 0.00083166242544
0.7220000000000005 0.00083397099456
0.7230000000000005 0.00083628276336
0.7240000000000005 0.00251528998656
0.7250000000000005 0.0016816636
0.7260000000000005 0.00084323726784
0.7270000000000005 0.00591538113264
0.7280000000000005 0.00084788960256
0.7290000000000005 0.0
0.7300000000000005 0.000852554736
0.7310000000000005 0.00085489210224
0.7320000000000005 0.00085723266816
0.7330000000000005 0.00085957643376
0.7340000000000005 0.00172367439616
0.7350000000000005 0.0043196391
0.7360000000000005 0.00173308051456
0.7370000000000005 0.00086898349296
0.7380000000000005 0.00261350691264
0.7390000000000005 0.0
0.7400000000000005 0.0
0.7410000000000005 0.0
0.7420000000000005 0.0
0.7430000000000005 0.00176620348864
0.7440000000000005 0.0
0.7450000000000006 0.001775724784
0.7460000000000006 0.00178049502976
0.7470000000000006 0.00178527167424
0.7480000000000006 0.00089511687936
0.7490000000000006 0.0
0.7500000000000006 0.00179964
0.7510000000000006 0.00180444223936
0.7520000000000006 0.00180925087744
0.7530000000000006 0.0
0.7540000000000006 0.0
0.7550000000000006 0.001823715184
0.7560000000000006 0.0
0.7570000000000006 0.00183339004864
0.7580000000000006 0.00367573871616
0.7590000000000006 0.00092163742704
0.7600000000000006 0.001847950336
0.7610000000000006 0.0
0.7620000000000006 0.0
0.7630000000000006 0.0
0.7640000000000006 0.00093382020864
0.7650000000000006 0.0
0.7660000000000006 0.0
0.7670000000000006 0.0
0.7680000000000006 0.00188705931264
0.7690000000000006 0.0
0.7700000000000006 0.0
0.7710000000000006 0.0
0.7720000000000006 0.00095347904256
0.7730000000000006 0.00191171038144
0.7740000000000006 0.00095842574784
0.7750000000000006 0.0
0.7760000000000006 0.00096338525184
0.7770000000000006 0.00096586980336
0.7780000000000006 0.0
0.7790000000000006 0.0
0.7800000000000006 0.000973342656
0.7810000000000006 0.0
0.7820000000000006 0.0
0.7830000000000006 0.00098084430576
0.7840000000000006 0.00196650582016
0.7850000000000006 0.000985861404
0.7860000000000006 0.00098837475264
0.7870000000000006 0.0
0.7880000000000006 0.0
0.7890000000000006 0.0
0.7900000000000006 0.0
0.7910000000000006 0.0
0.7920000000000006 0.00100352203776
0.7930000000000006 0.00100605778416
0.7940000000000006 0.0
0.7950000000000006 0.0
0.7960000000000006 0.0
0.7970000000000006 0.0
0.7980000000000006 0.00203736524544
0.7990000000000006 0.00102133945584
0.8000000000000006 0.0
0.8010000000000006 0.0
0.8020000000000006 0.00102902348736
0.8030000000000006 0.00103159123056
0.8040000000000006 0.00103416217344
0.8050000000000006 0.002073265264
0.8060000000000006 0.00103931365824
0.8070000000000006 0.0
0.8080000000000006 0.0
0.8090000000000006 0.0
0.8100000000000006 0.0
0.8110000000000006 0.0
0.8120000000000006 0.00105484490496
0.8130000000000006 0.0
0.8140000000000006 0.0
0.8150000000000006 0.0
0.8160000000000006 0.0
0.8170000000000006 0.0
0.8180000000000006 0.0
0.8190000000000006 0.0
0.8200000000000006 0.0
0.8210000000000006 0.0
0.8220000000000006 0.00216175636224
0.8230000000000006 0.00108361802736
0.8240000000000006 0.0
0.8250000000000006 0.0
0.8260000000000006 0.0
0.8270000000000006 0.0
0.8280000000000006 0.0
0.8290000000000006 0.0
0.8300000000000006 0.0
0.8310000000000006 0.0
0.8320000000000006 0.00221467377664
0.8330000000000006 0.0
0.8340000000000006 0.00111277831104
0.8350000000000006 0.0
0.8360000000000006 0.0
0.8370000000000006 0.00112079830896
0.8380000000000006 0.00112347804096
0.8390000000000006 0.0
0.8400000000000006 0.0
0.8410000000000006 0.0
0.8420000000000006 0.0
0.8430000000000006 0.0
0.8440000000000006 0.00113962362624
0.8450000000000006 0.0
0.8460000000000006 0.0
0.8470000000000006 0.00344253013104
0.8480000000000006 0.0
0.8490000000000006 0.0
0.8500000000000006 0.0
0.8510000000000006 0.0
0.8520000000000006 0.0
0.8530000000000006 0.0
0.8540000000000006 0.0
0.8550000000000006 0.0
0.8560000000000006 0.0
0.8570000000000007 0.0
0.8580000000000007 0.0
0.8590000000000007 0.0
0.8600000000000007 0.0
0.8610000000000007 0.0
0.8620000000000007 0.0
0.8630000000000007 0.0
0.8640000000000007 0.0
0.8650000000000007 0.0
0.8660000000000007 0.0
0.8670000000000007 0.0
0.8680000000000007 0.0
0.8690000000000007 0.0
0.8700000000000007 0.0
0.8710000000000007 0.0
0.8720000000000007 0.0
0.8730000000000007 0.0
0.8740000000000007 0.0
0.8750000000000007 0.0
0.8760000000000007 0.0
0.8770000000000007 0.0
0.8780000000000007 0.0
0.8790000000000007 0.00123610197744
0.8800000000000007 0.0
0.8810000000000007 0.0
0.8820000000000007 0.0
0.8830000000000007 0.0
0.8840000000000007 0.0
0.8850000000000007 0.0
0.8860000000000007 0.0
0.8870000000000007 0.00251715726784
0.8880000000000007 0.0
0.8890000000000007 0.0
0.8900000000000007 0.0
0.8910000000000007 0.0
0.8920000000000007 0.0
0.8930000000000007 0.0
0.8940000000000007 0.0
0.8950000000000007 0.0
0.8960000000000007 0.00128437714944
0.8970000000000007 0.0
0.8980000000000007 0.0
0.8990000000000007 0.0
0.9000000000000007 0.0
0.9010000000000007 0.00129875171184
0.9020000000000007 0.0
0.9030000000000007 0.0
0.9040000000000007 0.0
0.9050000000000007 0.0
0.9060000000000007 0.00131320626624
0.9070000000000007 0.0
0.9080000000000007 0.0
0.9090000000000007 0.0
0.9100000000000007 0.0
0.9110000000000007 0.0
0.9120000000000007 0.0
0.9130000000000007 0.0
0.9140000000000007 0.0
0.9150000000000007 0.0
0.9160000000000007 0.0
0.9170000000000007 0.0
0.9180000000000007 0.00134822356416
0.9190000000000007 0.0
0.9200000000000007 0.0
0.9210000000000007 0.0
0.9220000000000007 0.0
0.9230000000000007 0.0
0.9240000000000007 0.00136590499584
0.9250000000000007 0.0
0.9260000000000007 0.0
0.9270000000000007 0.00137478890736
0.9280000000000007 0.0
0.9290000000000007 0.0
0.9300000000000007 0.0
0.9310000000000007 0.0
0.9320000000000007 0.0
0.9330000000000007 0.0
0.9340000000000007 0.0
0.9350000000000007 0.0
0.9360000000000007 0.0
0.9370000000000007 0.0
0.9380000000000007 0.0
0.9390000000000007 0.00141061252464
0.9400000000000007 0.0
0.9410000000000007 0.0
0.9420000000000007 0.0
0.9430000000000007 0.0
0.9440000000000007 0.0
0.9450000000000007 0.0
0.9460000000000007 0.0
0.9470000000000007 0.0
0.9480000000000007 0.0
0.9490000000000007 0.0
0.9500000000000007 0.0
0.9510000000000007 0.0
0.9520000000000007 0.0
0.9530000000000007 0.0
0.9540000000000007 0.0
0.9550000000000007 0.0
0.9560000000000007 0.0
0.9570000000000007 0.0
0.9580000000000007 0.0
0.9590000000000007 0.0
0.9600000000000007 0.0
0.9610000000000007 0.0
0.9620000000000007 0.0
0.9630000000000007 0.0
0.9640000000000007 0.0
0.9650000000000007 0.0
0.9660000000000007 0.0
0.9670000000000007 0.0
0.9680000000000007 0.0
0.9690000000000007 0.0
0.9700000000000008 0.001505289456
0.9710000000000008 0.0
0.9720000000000008 0.0
0.9730000000000008 0.00151461492336
0.9740000000000008 0.0
0.9750000000000008 0.0
0.9760000000000008 0.0
0.9770000000000008 0.0
0.9780000000000008 0.0
0.9790000000000008 0.0
0.9800000000000008 0.0
0.9810000000000008 0.0
0.9820000000000008 0.0
0.9830000000000008 0.0
0.9840000000000008 0.0
0.9850000000000008 0.0
0.9860000000000008 0.0
0.9870000000000008 0.0
0.9880000000000008 0.0
0.9890000000000008 0.0
0.9900000000000008 0.0
0.9910000000000008 0.0
0.9920000000000008 0.0
0.9930000000000008 0.0
0.9940000000000008 0.0
0.9950000000000008 0.0
0.9960000000000008 0.0
0.9970000000000008 0.0
0.9980000000000008 0.0
0.9990000000000008 0.0
1.0000000000000007 0.0
