0.0 0.0
0.001 0.42849276
0.002 0.3962727775
0.003 0.3939845775
0.004 0.38091991
0.005 0.3852749775
0.006 0.4308876975
0.007 0.3845537775
0.008 0.39133639
0.009000000000000001 0.4082371775
0.010000000000000002 0.40853196
0.011000000000000003 0.43235991
0.012000000000000004 0.4291281775
0.013000000000000005 0.40442439
0.014000000000000005 0.43807356
0.015000000000000006 0.42719519
0.016000000000000007 0.4542900975
0.017000000000000008 0.44767039
0.01800000000000001 0.43870991
0.01900000000000001 0.4491881775
0.02000000000000001 0.4471109375
0.02100000000000001 0.4496654775
0.022000000000000013 0.4451332975
0.023000000000000013 0.4408653775
0.024000000000000014 0.4614616975
0.025000000000000015 0.4725349775
0.026000000000000016 0.44587904
0.027000000000000017 0.4742609375
0.028000000000000018 0.46512224
0.02900000000000002 0.4724366975
0.03000000000000002 0.491426
0.03100000000000002 0.50053919
0.03200000000000002 0.4788442975
0.03300000000000002 0.48667759
0.03400000000000002 0.4939386975
0.035000000000000024 0.493169
0.036000000000000025 0.51499536
0.037000000000000026 0.51643351
0.03800000000000003 0.5198299975
0.03900000000000003 0.52333804
0.04000000000000003 0.5248389775
0.04100000000000003 0.53692631
0.04200000000000003 0.53460111
0.04300000000000003 0.52438896
0.04400000000000003 0.56321719
0.04500000000000003 0.5762734375
0.046000000000000034 0.5654585975
0.047000000000000035 0.56579071
0.048000000000000036 0.579049
0.04900000000000004 0.56683616
0.05000000000000004 0.5769
0.05100000000000004 0.5921150775
0.05200000000000004 0.58930476
0.05300000000000004 0.6072596975
0.05400000000000004 0.605786
0.05500000000000004 0.6012202775
0.05600000000000004 0.61650719
0.057000000000000044 0.6226816975
0.058000000000000045 0.6308262975
0.059000000000000045 0.62812596
0.060000000000000046 0.6366273975
0.06100000000000005 0.6383117975
0.06200000000000005 0.67333664
0.06300000000000004 0.65106975
0.06400000000000004 0.6745424375
0.06500000000000004 0.68238664
0.06600000000000004 0.65339276
0.06700000000000005 0.6830819775
0.06800000000000005 0.6853109775
0.06900000000000005 0.69082484
0.07000000000000005 0.70352184
0.07100000000000005 0.7093192775
0.07200000000000005 0.7288808975
0.07300000000000005 0.76687471
0.07400000000000005 0.7431794375
0.07500000000000005 0.76503919
0.07600000000000005 0.7426931775
0.07700000000000005 0.7537284975
0.07800000000000006 0.7654423775
0.07900000000000006 0.7778575775
0.08000000000000006 0.77005116
0.08100000000000006 0.7993474375
0.08200000000000006 0.79174799
0.08300000000000006 0.8134234375
0.08400000000000006 0.8341701775
0.08500000000000006 0.82739519
0.08600000000000006 0.8201285975
0.08700000000000006 0.8451728975
0.08800000000000006 0.84434975
0.08900000000000007 0.86746956
0.09000000000000007 0.8873160975
0.09100000000000007 0.89688975
0.09200000000000007 0.90677191
0.09300000000000007 0.91029004
0.09400000000000007 0.91507096
0.09500000000000007 0.92453775
0.09600000000000007 0.94800684
0.09700000000000007 0.94828975
0.09800000000000007 0.9791374775
0.09900000000000007 0.9651722775
0.10000000000000007 0.9748181775
0.10100000000000008 0.9847974975
0.10200000000000008 0.99252231
0.10300000000000008 0.9959394375
0.10400000000000008 1.00863671
0.10500000000000008 1.0380969375
0.10600000000000008 1.0204040775
0.10700000000000008 1.03056775
0.10800000000000008 1.07608476
0.10900000000000008 1.0944833775
0.11000000000000008 1.08308284
0.11100000000000008 1.10134559
0.11200000000000009 1.1026037975
0.11300000000000009 1.10680044
0.11400000000000009 1.1403514975
0.11500000000000009 1.1317240975
0.11600000000000009 1.14573599
0.11700000000000009 1.15624724
0.11800000000000009 1.1552521775
0.11900000000000009 1.1715914775
0.12000000000000009 1.1955997775
0.1210000000000001 1.1859792775
0.1220000000000001 1.20119375
0.1230000000000001 1.20287516
0.1240000000000001 1.2240792775
0.12500000000000008 1.23953519
0.12600000000000008 1.2442330775
0.12700000000000009 1.2561282975
0.12800000000000009 1.2605674375
0.1290000000000001 1.26410191
0.1300000000000001 1.27397759
0.1310000000000001 1.2698252775
0.1320000000000001 1.2855699375
0.1330000000000001 1.2921615775
0.1340000000000001 1.28677919
0.1350000000000001 1.3342394375
0.1360000000000001 1.2938669375
0.1370000000000001 1.310576
0.1380000000000001 1.3209574375
0.1390000000000001 1.2894117775
0.1400000000000001 1.30800084
0.1410000000000001 1.31520791
0.1420000000000001 1.38209759
0.1430000000000001 1.3073859375
0.1440000000000001 1.31394936
0.1450000000000001 1.32067704
0.1460000000000001 1.33632084
0.1470000000000001 1.34320879
0.1480000000000001 1.3045457775
0.1490000000000001 1.3149620775
0.1500000000000001 1.3266609375
0.1510000000000001 1.3144644375
0.1520000000000001 1.28168504
0.1530000000000001 1.2895811775
0.1540000000000001 1.27691639
0.1550000000000001 1.2886046975
0.1560000000000001 1.27395559
0.1570000000000001 1.2993155975
0.1580000000000001 1.27471671
0.1590000000000001 1.2388769375
0.16000000000000011 1.27129864
0.16100000000000012 1.26037176
0.16200000000000012 1.2373860975
0.16300000000000012 1.24238736
0.16400000000000012 1.25172975
0.16500000000000012 1.2351790775
0.16600000000000012 1.2105319375
0.16700000000000012 1.18850716
0.16800000000000012 1.20139216
0.16900000000000012 1.16337951
0.17000000000000012 1.1528639775
0.17100000000000012 1.14985
0.17200000000000013 1.10861764
0.17300000000000013 1.1135646775
0.17400000000000013 1.07380631
0.17500000000000013 1.0734211975
0.17600000000000013 1.07093031
0.17700000000000013 1.06055276
0.17800000000000013 1.00736319
0.17900000000000013 1.0287274375
0.18000000000000013 1.01409519
0.18100000000000013 0.9944344775
0.18200000000000013 0.97166271
0.18300000000000013 0.96060391
0.18400000000000014 0.90647016
0.18500000000000014 0.8983830775
0.18600000000000014 0.89156456
0.18700000000000014 0.8841058775
0.18800000000000014 0.84379119
0.18900000000000014 0.86111976
0.19000000000000014 0.83529076
0.19100000000000014 0.8032547975
0.19200000000000014 0.7650924375
0.19300000000000014 0.7702475975
0.19400000000000014 0.7275538975
0.19500000000000015 0.73346239
0.19600000000000015 0.7159319775
0.19700000000000015 0.7280444775
0.19800000000000015 0.7151599375
0.19900000000000015 0.6877983975
0.20000000000000015 0.63739039
0.20100000000000015 0.64796344
0.20200000000000015 0.6092316775
0.20300000000000015 0.61621775
0.20400000000000015 0.59918256
0.20500000000000015 0.5869934975
0.20600000000000016 0.5929987975
0.20700000000000016 0.554251
0.20800000000000016 0.5457424775
0.20900000000000016 0.51050784
0.21000000000000016 0.5035725975
0.21100000000000016 0.55452364
0.21200000000000016 0.4867461775
0.21300000000000016 0.47669911
0.21400000000000016 0.42472216
0.21500000000000016 0.4553130775
0.21600000000000016 0.43467071
0.21700000000000016 0.4579025775
0.21800000000000017 0.40252924
0.21900000000000017 0.3804094975
0.22000000000000017 0.39897359
0.22100000000000017 0.40061999
0.22200000000000017 0.3653734375
0.22300000000000017 0.3459947975
0.22400000000000017 0.3560332975
0.22500000000000017 0.31846744
0.22600000000000017 0.32180676
0.22700000000000017 0.32294511
0.22800000000000017 0.32528816
0.22900000000000018 0.32355871
0.23000000000000018 0.30190364
0.23100000000000018 0.3055484375
0.23200000000000018 0.2876832975
0.23300000000000018 0.2786938975
0.23400000000000018 0.2503278775
0.23500000000000018 0.2480482775
0.23600000000000018 0.26923159
0.23700000000000018 0.27273884
0.23800000000000018 0.2301099375
0.23900000000000018 0.23293136
0.24000000000000019 0.23248616
0.2410000000000002 0.22008479
0.2420000000000002 0.23064596
0.2430000000000002 0.188254
0.2440000000000002 0.19996536
0.2450000000000002 0.19783684
0.2460000000000002 0.20080404
0.2470000000000002 0.1887724975
0.2480000000000002 0.1816420975
0.2490000000000002 0.16959684
0.25000000000000017 0.1854099375
0.25100000000000017 0.16658376
0.25200000000000017 0.1613974375
0.25300000000000017 0.1510195975
0.25400000000000017 0.165046
0.25500000000000017 0.1575594775
0.25600000000000017 0.15527764
0.2570000000000002 0.14788351
0.2580000000000002 0.14720584
0.2590000000000002 0.14870824
0.2600000000000002 0.13219319
0.2610000000000002 0.12350044
0.2620000000000002 0.1202056775
0.2630000000000002 0.1115269775
0.2640000000000002 0.11541959
0.2650000000000002 0.1125916975
0.2660000000000002 0.11368856
0.2670000000000002 0.0993298975
0.2680000000000002 0.11176324
0.2690000000000002 0.1147999375
0.2700000000000002 0.11028775
0.2710000000000002 0.10414375
0.2720000000000002 0.1022144375
0.2730000000000002 0.0956481975
0.2740000000000002 0.08631476
0.2750000000000002 0.08692484
0.2760000000000002 0.0795685775
0.2770000000000002 0.08757016
0.2780000000000002 0.07470444
0.2790000000000002 0.08304559
0.2800000000000002 0.0808996775
0.2810000000000002 0.07600776
0.2820000000000002 0.07791775
0.2830000000000002 0.0721749375
0.2840000000000002 0.0737552975
0.2850000000000002 0.07215031
0.2860000000000002 0.0693151975
0.2870000000000002 0.0669325975
0.2880000000000002 0.06983936
0.2890000000000002 0.0719244375
0.2900000000000002 0.06402919
0.2910000000000002 0.0632837775
0.2920000000000002 0.06370439
0.2930000000000002 0.05430311
0.2940000000000002 0.055731
0.2950000000000002 0.06010975
0.2960000000000002 0.0576801775
0.2970000000000002 0.0540840975
0.2980000000000002 0.0509576775
0.2990000000000002 0.048459
0.3000000000000002 0.04458879
0.3010000000000002 0.04999775
0.3020000000000002 0.0521082775
0.3030000000000002 0.04783039
0.3040000000000002 0.0426335775
0.3050000000000002 0.04596471
0.3060000000000002 0.04132439
0.3070000000000002 0.0444
0.3080000000000002 0.04516244
0.3090000000000002 0.0432208975
0.3100000000000002 0.0389097775
0.3110000000000002 0.03804231
0.3120000000000002 0.03606839
0.3130000000000002 0.0364748775
0.3140000000000002 0.0391499375
0.3150000000000002 0.0379465775
0.3160000000000002 0.0399622975
0.3170000000000002 0.0353865975
0.3180000000000002 0.0387856775
0.31900000000000023 0.03501671
0.32000000000000023 0.0341164775
0.32100000000000023 0.0334221775
0.32200000000000023 0.0312844775
0.32300000000000023 0.03075424
0.32400000000000023 0.0345391975
0.32500000000000023 0.0311500775
0.32600000000000023 0.0307999375
0.32700000000000023 0.0309288975
0.32800000000000024 0.02938424
0.32900000000000024 0.02669636
0.33000000000000024 0.0294161975
0.33100000000000024 0.02628775
0.33200000000000024 0.0280302975
0.33300000000000024 0.0257987775
0.33400000000000024 0.02482511
0.33500000000000024 0.02451111
0.33600000000000024 0.02505959
0.33700000000000024 0.0242651975
0.33800000000000024 0.02241336
0.33900000000000025 0.02354351
0.34000000000000025 0.0204744375
0.34100000000000025 0.01916799
0.34200000000000025 0.0239028775
0.34300000000000025 0.0216374375
0.34400000000000025 0.02076775
0.34500000000000025 0.0210149975
0.34600000000000025 0.017926
0.34700000000000025 0.02310124
0.34800000000000025 0.0174669375
0.34900000000000025 0.017526
0.35000000000000026 0.01907775
0.35100000000000026 0.0171294375
0.35200000000000026 0.0175795975
0.35300000000000026 0.01549344
0.35400000000000026 0.01641479
0.35500000000000026 0.0167038775
0.35600000000000026 0.01594344
0.35700000000000026 0.0138721975
0.35800000000000026 0.01509344
0.35900000000000026 0.0161310975
0.36000000000000026 0.0146769775
0.36100000000000027 0.01543271
0.36200000000000027 0.01443711
0.36300000000000027 0.0144359375
0.36400000000000027 0.0137624375
0.36500000000000027 0.0137820775
0.36600000000000027 0.01405484
0.36700000000000027 0.0132869375
0.36800000000000027 0.01271436
0.36900000000000027 0.01313991
0.3700000000000003 0.0121109375
0.3710000000000003 0.01333831
0.3720000000000003 0.0122709975
0.3730000000000003 0.0105769975
0.3740000000000003 0.01224375
0.3750000000000003 0.0122799375
0.3760000000000003 0.01212039
0.3770000000000003 0.01143775
0.3780000000000003 0.01117975
0.3790000000000003 0.0118648975
0.3800000000000003 0.01009656
0.3810000000000003 0.0093991975
0.3820000000000003 0.01030796
0.3830000000000003 0.01032364
0.3840000000000003 0.0112649375
0.3850000000000003 0.01002239
0.3860000000000003 0.00966144
0.3870000000000003 0.0105849375
0.3880000000000003 0.00987959
0.3890000000000003 0.00836776
0.3900000000000003 0.00922444
0.3910000000000003 0.00858756
0.3920000000000003 0.0087705975
0.3930000000000003 0.00828756
0.3940000000000003 0.00731504
0.3950000000000003 0.00734551
0.3960000000000003 0.0083300775
0.3970000000000003 0.0076632975
0.3980000000000003 0.0088944375
0.3990000000000003 0.00821896
0.4000000000000003 0.00707044
0.4010000000000003 0.0076275975
0.4020000000000003 0.0073747775
0.4030000000000003 0.0069886775
0.4040000000000003 0.006856
0.4050000000000003 0.00655116
0.4060000000000003 0.006356
0.4070000000000003 0.0063273775
0.4080000000000003 0.00684871
0.4090000000000003 0.0059392775
0.4100000000000003 0.0065724775
0.4110000000000003 0.00631544
0.4120000000000003 0.0059915975
0.4130000000000003 0.005629
0.4140000000000003 0.0067149775
0.4150000000000003 0.00533764
0.4160000000000003 0.00686076
0.4170000000000003 0.0051259975
0.4180000000000003 0.0045894375
0.4190000000000003 0.0053594375
0.4200000000000003 0.0059072775
0.4210000000000003 0.0049856975
0.4220000000000003 0.00510975
0.4230000000000003 0.00447604
0.4240000000000003 0.0046930975
0.4250000000000003 0.00543975
0.4260000000000003 0.00495199
0.4270000000000003 0.0045966775
0.4280000000000003 0.004619
0.4290000000000003 0.0047394375
0.4300000000000003 0.00461719
0.4310000000000003 0.00428276
0.43200000000000033 0.0041149375
0.43300000000000033 0.00404224
0.43400000000000033 0.0045018975
0.43500000000000033 0.00442775
0.43600000000000033 0.00457604
0.43700000000000033 0.0041633775
0.43800000000000033 0.0039694975
0.43900000000000033 0.00350644
0.44000000000000034 0.003701
0.44100000000000034 0.0034780775
0.44200000000000034 0.0035794375
0.44300000000000034 0.0028941975
0.44400000000000034 0.0038252975
0.44500000000000034 0.0035307775
0.44600000000000034 0.00379524
0.44700000000000034 0.0032359375
0.44800000000000034 0.00360239
0.44900000000000034 0.0032820975
0.45000000000000034 0.0028419375
0.45100000000000035 0.0026952975
0.45200000000000035 0.0029907775
0.45300000000000035 0.00316279
0.45400000000000035 0.0028441975
0.45500000000000035 0.00326031
0.45600000000000035 0.0026463775
0.45700000000000035 0.0028941975
0.45800000000000035 0.00262296
0.45900000000000035 0.00291636
0.46000000000000035 0.0026474375
0.46100000000000035 0.00296864
0.46200000000000035 0.0027963775
0.46300000000000036 0.0023033775
0.46400000000000036 0.00272084
0.46500000000000036 0.0026984775
0.46600000000000036 0.0022060775
0.46700000000000036 0.0022060775
0.46800000000000036 0.00247791
0.46900000000000036 0.0022551975
0.47000000000000036 0.0025014775
0.47100000000000036 0.0022551975
0.47200000000000036 0.0023060775
0.47300000000000036 0.00223064
0.47400000000000037 0.00223064
0.47500000000000037 0.0024024375
0.47600000000000037 0.00208236
0.47700000000000037 0.00228064
0.47800000000000037 0.00183631
0.47900000000000037 0.0025004975
0.48000000000000037 0.0026060775
0.48100000000000037 0.00193556
0.4820000000000004 0.0016644375
0.4830000000000004 0.00218236
0.4840000000000004 0.0015650775
0.4850000000000004 0.0020109375
0.4860000000000004 0.00168844
0.4870000000000004 0.00168844
0.4880000000000004 0.0018144375
0.4890000000000004 0.0019616775
0.4900000000000004 0.00173775
0.4910000000000004 0.0015656975
0.4920000000000004 0.0015650775
0.4930000000000004 0.0016162975
0.4940000000000004 0.0016144375
0.4950000000000004 0.0014174375
0.4960000000000004 0.00119424
0.4970000000000004 0.00168976
0.4980000000000004 0.00158976
0.4990000000000004 0.00139271
0.5000000000000003 0.00119424
0.5010000000000003 0.00124375
0.5020000000000003 0.00158976
0.5030000000000003 0.0015168775
0.5040000000000003 0.0013684975
0.5050000000000003 0.00114516
0.5060000000000003 0.00144159
0.5070000000000003 0.0014168775
0.5080000000000003 0.00114471
0.5090000000000003 0.0017162975
0.5100000000000003 0.000896759999998
0.5110000000000003 0.0010703775
0.5120000000000003 0.00109516
0.5130000000000003 0.00114516
0.5140000000000003 0.0010703775
0.5150000000000003 0.000871937499999
0.5160000000000003 0.00104559
0.5170000000000003 0.0011694775
0.5180000000000003 0.00104559
0.5190000000000003 0.000772597499999
0.5200000000000004 0.000995999999997
0.5210000000000004 0.001096
0.5220000000000004 0.000871937499999
0.5230000000000004 0.000822277500001
0.5240000000000004 0.000847439999998
0.5250000000000004 0.0010211975
0.5260000000000004 0.000772597499999
0.5270000000000004 0.0012689975
0.5280000000000004 0.000722897500001
0.5290000000000004 0.000698039999998
0.5300000000000004 0.000896759999998
0.5310000000000004 0.000772597499999
0.5320000000000004 0.000995999999997
0.5330000000000004 0.000722897500001
0.5340000000000004 0.000946389999999
0.5350000000000004 0.000921937499999
0.5360000000000004 0.0009215775
0.5370000000000004 0.000648310000001
0.5380000000000004 0.000623437500002
0.5390000000000004 0.000698039999998
0.5400000000000004 0.0005736775
0.5410000000000004 0.0004740975
0.5420000000000004 0.0006731775
0.5430000000000004 0.000698039999998
0.5440000000000004 0.000523897500001
0.5450000000000004 0.00054879
0.5460000000000004 0.000698039999998
0.5470000000000004 0.0004244375
0.5480000000000004 0.00074775
0.5490000000000004 0.000623437500002
0.5500000000000004 0.000499
0.5510000000000004 0.0005736775
0.5520000000000004 0.000623437500002
0.5530000000000004 0.000499
0.5540000000000004 0.0006731775
0.5550000000000004 0.0004740975
0.5560000000000004 0.0005240975
0.5570000000000004 0.000623437500002
0.5580000000000004 0.0004740975
0.5590000000000004 0.00074775
0.5600000000000004 0.000424277499999
0.5610000000000004 0.000623437500002
0.5620000000000004 0.000623437500002
0.5630000000000004 0.000399359999999
0.5640000000000004 0.000623437500002
0.5650000000000004 0.000224797499998
0.5660000000000004 0.000424277499999
0.5670000000000004 0.00059879
0.5680000000000004 0.0003744375
0.5690000000000004 0.00029964
0.5700000000000004 0.0003744375
0.5710000000000004 0.00054879
0.5720000000000004 0.0003744375
0.5730000000000004 0.0005736775
0.5740000000000004 0.000499
0.5750000000000004 0.000499
0.5760000000000004 0.0003744375
0.5770000000000004 0.000424277499999
0.5780000000000004 0.000349510000001
0.5790000000000004 0.000174877500001
0.5800000000000004 0.000399359999999
0.5810000000000004 0.0003744375
0.5820000000000004 0.0003744375
0.5830000000000004 0.000349510000001
0.5840000000000004 0.000224797499998
0.5850000000000004 0.000249750000002
0.5860000000000004 0.000249750000002
0.5870000000000004 0.000349510000001
0.5880000000000004 0.000399359999999
0.5890000000000004 0.000199839999999
0.5900000000000004 0.000174877500001
0.5910000000000004 0.0002746975
0.5920000000000004 0.000324577499999
0.5930000000000004 0.00029964
0.5940000000000004 0.0002746975
0.5950000000000004 0.000249750000002
0.5960000000000004 0.000249750000002
0.5970000000000004 0.000349510000001
0.5980000000000004 0.000224797499998
0.5990000000000004 0.000149910000001
0.6000000000000004 0.0002746975
0.6010000000000004 0.000174877500001
0.6020000000000004 0.0002746975
0.6030000000000004 0.000149910000001
0.6040000000000004 0.000199839999999
0.6050000000000004 0.00029964
0.6060000000000004 0.000174877500001
0.6070000000000004 0.000199839999999
0.6080000000000004 0.000224797499998
0.6090000000000004 0.000249750000002
0.6100000000000004 0.000199839999999
0.6110000000000004 0.000424277499999
0.6120000000000004 0.000249750000002
0.6130000000000004 0.000249750000002
0.6140000000000004 0.000149910000001
0.6150000000000004 0.00029964
0.6160000000000004 0.000174877500001
0.6170000000000004 0.0002746975
0.6180000000000004 0.000124937499999
0.6190000000000004 0.000199839999999
0.6200000000000004 0.0002746975
0.6210000000000004 0.000174877500001
0.6220000000000004 0.0002746975
0.6230000000000004 0.000149910000001
0.6240000000000004 7.49775000006e-05
0.6250000000000004 0.000149910000001
0.6260000000000004 0.000224797499998
0.6270000000000004 0.000224797499998
0.6280000000000004 0.000149910000001
0.6290000000000004 0.000124937499999
0.6300000000000004 0.000149910000001
0.6310000000000004 0.000224797499998
0.6320000000000005 0.000124937499999
0.6330000000000005 0.000224797499998
0.6340000000000005 0.000224797499998
0.6350000000000005 0.000199910000001
0.6360000000000005 0.000174877500001
0.6370000000000005 0.000199839999999
0.6380000000000005 4.99900000008e-05
0.6390000000000005 0.000174877500001
0.6400000000000005 0.000199839999999
0.6410000000000005 0.000199839999999
0.6420000000000005 0.000174937499999
0.6430000000000005 0.000174877500001
0.6440000000000005 0.000149910000001
0.6450000000000005 0.000174877500001
0.6460000000000005 0.000224797499998
0.6470000000000005 0.000124937499999
0.6480000000000005 0.000174877500001
0.6490000000000005 0.000124937499999
0.6500000000000005 7.49775000006e-05
0.6510000000000005 2.49974999988e-05
0.6520000000000005 0.000249750000002
0.6530000000000005 0.000149910000001
0.6540000000000005 9.996e-05
0.6550000000000005 0.000224797499998
0.6560000000000005 2.49974999988e-05
0.6570000000000005 0.000124937499999
0.6580000000000005 9.996e-05
0.6590000000000005 0.000124937499999
0.6600000000000005 9.996e-05
0.6610000000000005 4.99900000008e-05
0.6620000000000005 7.49775000006e-05
0.6630000000000005 7.49775000006e-05
0.6640000000000005 7.49775000006e-05
0.6650000000000005 9.996e-05
0.6660000000000005 4.99900000008e-05
0.6670000000000005 9.996e-05
0.6680000000000005 4.99900000008e-05
0.6690000000000005 0.000149910000001
0.6700000000000005 7.49775000006e-05
0.6710000000000005 4.99900000008e-05
0.6720000000000005 4.99900000008e-05
0.6730000000000005 7.49775000006e-05
0.6740000000000005 2.49974999988e-05
0.6750000000000005 4.99900000008e-05
0.6760000000000005 0.000149910000001
0.6770000000000005 2.49974999988e-05
0.6780000000000005 0.000124937499999
0.6790000000000005 4.99900000008e-05
0.6800000000000005 7.49775000006e-05
0.6810000000000005 4.99900000008e-05
0.6820000000000005 4.99900000008e-05
0.6830000000000005 0.000174877500001
0.6840000000000005 4.99900000008e-05
0.6850000000000005 0.0
0.6860000000000005 7.49775000006e-05
0.6870000000000005 4.99900000008e-05
0.6880000000000005 4.99900000008e-05
0.6890000000000005 2.49974999988e-05
0.6900000000000005 2.49974999988e-05
0.6910000000000005 4.99900000008e-05
0.6920000000000005 4.99900000008e-05
0.6930000000000005 9.996e-05
0.6940000000000005 0.000124937499999
0.6950000000000005 2.49974999988e-05
0.6960000000000005 7.49775000006e-05
0.6970000000000005 2.49974999988e-05
0.6980000000000005 9.996e-05
0.6990000000000005 4.99900000008e-05
0.7000000000000005 4.99900000008e-05
0.7010000000000005 2.49974999988e-05
0.7020000000000005 4.99900000008e-05
0.7030000000000005 0.000124937499999
0.7040000000000005 9.996e-05
0.7050000000000005 0.000174937499999
0.7060000000000005 2.49974999988e-05
0.7070000000000005 4.99900000008e-05
0.7080000000000005 7.49775000006e-05
0.7090000000000005 2.49974999988e-05
0.7100000000000005 4.99900000008e-05
0.7110000000000005 2.49974999988e-05
0.7120000000000005 4.99900000008e-05
0.7130000000000005 2.49974999988e-05
0.7140000000000005 2.49974999988e-05
0.7150000000000005 9.996e-05
0.7160000000000005 4.99900000008e-05
0.7170000000000005 4.99900000008e-05
0.7180000000000005 2.49974999988e-05
0.7190000000000005 2.49974999988e-05
0.7200000000000005 0.0
0.7210000000000005 2.49974999988e-05
0.7220000000000005 2.49974999988e-05
0.7230000000000005 2.49974999988e-05
0.7240000000000005 7.49775000006e-05
0.7250000000000005 4.99900000008e-05
0.7260000000000005 2.49974999988e-05
0.7270000000000005 0.000174877500001
0.7280000000000005 2.49974999988e-05
0.7290000000000005 0.0
0.7300000000000005 2.49974999988e-05
0.7310000000000005 2.49974999988e-05
0.7320000000000005 2.49974999988e-05
0.7330000000000005 2.49974999988e-05
0.7340000000000005 4.99900000008e-05
0.7350000000000005 0.000124937499999
0.7360000000000005 4.99900000008e-05
0.7370000000000005 2.49974999988e-05
0.7380000000000005 7.49775000006e-05
0.7390000000000005 0.0
0.7400000000000005 0.0
0.7410000000000005 0.0
0.7420000000000005 0.0
0.7430000000000005 4.99900000008e-05
0.7440000000000005 0.0
0.7450000000000006 4.99900000008e-05
0.7460000000000006 4.99900000008e-05
0.7470000000000006 4.99900000008e-05
0.7480000000000006 2.49974999988e-05
0.7490000000000006 0.0
0.7500000000000006 4.99900000008e-05
0.7510000000000006 4.99900000008e-05
0.7520000000000006 4.99900000008e-05
0.7530000000000006 0.0
0.7540000000000006 0.0
0.7550000000000006 4.99900000008e-05
0.7560000000000006 0.0
0.7570000000000006 4.99900000008e-05
0.7580000000000006 9.996e-05
0.7590000000000006 2.49974999988e-05
0.7600000000000006 4.99900000008e-05
0.7610000000000006 0.0
0.7620000000000006 0.0
0.7630000000000006 0.0
0.7640000000000006 2.49974999988e-05
0.7650000000000006 0.0
0.7660000000000006 0.0
0.7670000000000006 0.0
0.7680000000000006 4.99900000008e-05
0.7690000000000006 0.0
0.7700000000000006 0.0
0.7710000000000006 0.0
0.7720000000000006 2.49974999988e-05
0.7730000000000006 4.99900000008e-05
0.7740000000000006 2.49974999988e-05
0.7750000000000006 0.0
0.7760000000000006 2.49974999988e-05
0.7770000000000006 2.49974999988e-05
0.7780000000000006 0.0
0.7790000000000006 0.0
0.7800000000000006 2.49974999988e-05
0.7810000000000006 0.0
0.7820000000000006 0.0
0.7830000000000006 2.49974999988e-05
0.7840000000000006 4.99900000008e-05
0.7850000000000006 2.49974999988e-05
0.7860000000000006 2.49974999988e-05
0.7870000000000006 0.0
0.7880000000000006 0.0
0.7890000000000006 0.0
0.7900000000000006 0.0
0.7910000000000006 0.0
0.7920000000000006 2.49974999988e-05
0.7930000000000006 2.49974999988e-05
0.7940000000000006 0.0
0.7950000000000006 0.0
0.7960000000000006 0.0
0.7970000000000006 0.0
0.7980000000000006 4.99900000008e-05
0.7990000000000006 2.49974999988e-05
0.8000000000000006 0.0
0.8010000000000006 0.0
0.8020000000000006 2.49974999988e-05
0.8030000000000006 2.49974999988e-05
0.8040000000000006 2.49974999988e-05
0.8050000000000006 4.99900000008e-05
0.8060000000000006 2.49974999988e-05
0.8070000000000006 0.0
0.8080000000000006 0.0
0.8090000000000006 0.0
0.8100000000000006 0.0
0.8110000000000006 0.0
0.8120000000000006 2.49974999988e-05
0.8130000000000006 0.0
0.8140000000000006 0.0
0.8150000000000006 0.0
0.8160000000000006 0.0
0.8170000000000006 0.0
0.8180000000000006 0.0
0.8190000000000006 0.0
0.8200000000000006 0.0
0.8210000000000006 0.0
0.8220000000000006 4.99900000008e-05
0.8230000000000006 2.49974999988e-05
0.8240000000000006 0.0
0.8250000000000006 0.0
0.8260000000000006 0.0
0.8270000000000006 0.0
0.8280000000000006 0.0
0.8290000000000006 0.0
0.8300000000000006 0.0
0.8310000000000006 0.0
0.8320000000000006 4.99900000008e-05
0.8330000000000006 0.0
0.8340000000000006 2.49974999988e-05
0.8350000000000006 0.0
0.8360000000000006 0.0
0.8370000000000006 2.49974999988e-05
0.8380000000000006 2.49974999988e-05
0.8390000000000006 0.0
0.8400000000000006 0.0
0.8410000000000006 0.0
0.8420000000000006 0.0
0.8430000000000006 0.0
0.8440000000000006 2.49974999988e-05
0.8450000000000006 0.0
0.8460000000000006 0.0
0.8470000000000006 7.49775000006e-05
0.8480000000000006 0.0
0.8490000000000006 0.0
0.8500000000000006 0.0
0.8510000000000006 0.0
0.8520000000000006 0.0
0.8530000000000006 0.0
0.8540000000000006 0.0
0.8550000000000006 0.0
0.8560000000000006 0.0
0.8570000000000007 0.0
0.8580000000000007 0.0
0.8590000000000007 0.0
0.8600000000000007 0.0
0.8610000000000007 0.0
0.8620000000000007 0.0
0.8630000000000007 0.0
0.8640000000000007 0.0
0.8650000000000007 0.0
0.8660000000000007 0.0
0.8670000000000007 0.0
0.8680000000000007 0.0
0.8690000000000007 0.0
0.8700000000000007 0.0
0.8710000000000007 0.0
0.8720000000000007 0.0
0.8730000000000007 0.0
0.8740000000000007 0.0
0.8750000000000007 0.0
0.8760000000000007 0.0
0.8770000000000007 0.0
0.8780000000000007 0.0
0.8790000000000007 2.49974999988e-05
0.8800000000000007 0.0
0.8810000000000007 0.0
0.8820000000000007 0.0
0.8830000000000007 0.0
0.8840000000000007 0.0
0.8850000000000007 0.0
0.8860000000000007 0.0
0.8870000000000007 4.99900000008e-05
0.8880000000000007 0.0
0.8890000000000007 0.0
0.8900000000000007 0.0
0.8910000000000007 0.0
0.8920000000000007 0.0
0.8930000000000007 0.0
0.8940000000000007 0.0
0.8950000000000007 0.0
0.8960000000000007 2.49974999988e-05
0.8970000000000007 0.0
0.8980000000000007 0.0
0.8990000000000007 0.0
0.9000000000000007 0.0
0.9010000000000007 2.49974999988e-05
0.9020000000000007 0.0
0.9030000000000007 0.0
0.9040000000000007 0.0
0.9050000000000007 0.0
0.9060000000000007 2.49974999988e-05
0.9070000000000007 0.0
0.9080000000000007 0.0
0.9090000000000007 0.0
0.9100000000000007 0.0
0.9110000000000007 0.0
0.9120000000000007 0.0
0.9130000000000007 0.0
0.9140000000000007 0.0
0.9150000000000007 0.0
0.9160000000000007 0.0
0.9170000000000007 0.0
0.9180000000000007 2.49974999988e-05
0.9190000000000007 0.0
0.9200000000000007 0.0
0.9210000000000007 0.0
0.9220000000000007 0.0
0.9230000000000007 0.0
0.9240000000000007 2.49974999988e-05
0.9250000000000007 0.0
0.9260000000000007 0.0
0.9270000000000007 2.49974999988e-05
0.9280000000000007 0.0
0.9290000000000007 0.0
0.9300000000000007 0.0
0.9310000000000007 0.0
0.9320000000000007 0.0
0.9330000000000007 0.0
0.9340000000000007 0.0
0.9350000000000007 0.0
0.9360000000000007 0.0
0.9370000000000007 0.0
0.9380000000000007 0.0
0.9390000000000007 2.49974999988e-05
0.9400000000000007 0.0
0.9410000000000007 0.0
0.9420000000000007 0.0
0.9430000000000007 0.0
0.9440000000000007 0.0
0.9450000000000007 0.0
0.9460000000000007 0.0
0.9470000000000007 0.0
0.9480000000000007 0.0
0.9490000000000007 0.0
0.9500000000000007 0.0
0.9510000000000007 0.0
0.9520000000000007 0.0
0.9530000000000007 0.0
0.9540000000000007 0.0
0.9550000000000007 0.0
0.9560000000000007 0.0
0.9570000000000007 0.0
0.9580000000000007 0.0
0.9590000000000007 0.0
0.9600000000000007 0.0
0.9610000000000007 0.0
0.9620000000000007 0.0
0.9630000000000007 0.0
0.9640000000000007 0.0
0.9650000000000007 0.0
0.9660000000000007 0.0
0.9670000000000007 0.0
0.9680000000000007 0.0
0.9690000000000007 0.0
0.9700000000000008 2.49974999988e-05
0.9710000000000008 0.0
0.9720000000000008 0.0
0.9730000000000008 2.49974999988e-05
0.9740000000000008 0.0
0.9750000000000008 0.0
0.9760000000000008 0.0
0.9770000000000008 0.0
0.9780000000000008 0.0
0.9790000000000008 0.0
0.9800000000000008 0.0
0.9810000000000008 0.0
0.9820000000000008 0.0
0.9830000000000008 0.0
0.9840000000000008 0.0
0.9850000000000008 0.0
0.9860000000000008 0.0
0.9870000000000008 0.0
0.9880000000000008 0.0
0.9890000000000008 0.0
0.9900000000000008 0.0
0.9910000000000008 0.0
0.9920000000000008 0.0
0.9930000000000008 0.0
0.9940000000000008 0.0
0.9950000000000008 0.0
0.9960000000000008 0.0
0.9970000000000008 0.0
0.9980000000000008 0.0
0.9990000000000008 0.0
1.0000000000000007 0.0
