0.0 0.0
0.001 3.21723324609e-06
0.002 2.421975625e-05
0.003 3.58233319336e-05
0.004 8.4432974e-05
0.005 0.000123499509277
0.006 0.000180367081734
0.007 0.000226384933496
0.008 0.00029769815975
0.009000000000000001 0.000327860155934
0.010000000000000002 0.000422337733984
0.011000000000000003 0.000509293934059
0.012000000000000004 0.000680344514438
0.013000000000000005 0.000663117499027
0.014000000000000005 0.000905445880609
0.015000000000000006 0.00091779439834
0.016000000000000007 0.001121607039
0.017000000000000008 0.00126598824767
0.01800000000000001 0.001322775441
0.01900000000000001 0.001456333204
0.02000000000000001 0.001764504025
0.02100000000000001 0.00184363941653
0.022000000000000013 0.0023403921035
0.023000000000000013 0.00236453825156
0.024000000000000014 0.00264254120775
0.025000000000000015 0.00304851124023
0.026000000000000016 0.00293405788061
0.027000000000000017 0.00316527241187
0.028000000000000018 0.00414365936994
0.02900000000000002 0.00402444649844
0.03000000000000002 0.00424452428086
0.03100000000000002 0.00484858848242
0.03200000000000002 0.004383656624
0.03300000000000002 0.00557961195361
0.03400000000000002 0.00561404073398
0.035000000000000024 0.00571778777773
0.036000000000000025 0.00700511188275
0.037000000000000026 0.00727019137838
0.03800000000000003 0.00721618637344
0.03900000000000003 0.00792717051994
0.04000000000000003 0.00851149244375
0.04100000000000003 0.00969559224142
0.04200000000000003 0.00885984142148
0.04300000000000003 0.00996108230898
0.04400000000000003 0.0116379104078
0.04500000000000003 0.0106564516866
0.046000000000000034 0.0118737262353
0.047000000000000035 0.0122582889355
0.048000000000000036 0.013150818711
0.04900000000000004 0.0139102268795
0.05000000000000004 0.0136526989746
0.05100000000000004 0.0151079566185
0.05200000000000004 0.0154522506734
0.05300000000000004 0.0165643046589
0.05400000000000004 0.0174828214569
0.05500000000000004 0.0172943619116
0.05600000000000004 0.0187376707438
0.057000000000000044 0.0182568160187
0.058000000000000045 0.02130082959
0.059000000000000045 0.0195529996616
0.060000000000000046 0.0223575437109
0.06100000000000005 0.0220149007804
0.06200000000000005 0.0228046855469
0.06300000000000004 0.0223248261767
0.06400000000000004 0.0264594524
0.06500000000000004 0.0275967295538
0.06600000000000004 0.0257320146059
0.06700000000000005 0.0295353220353
0.06800000000000005 0.0292481867484
0.06900000000000005 0.0298767089537
0.07000000000000005 0.0333280745875
0.07100000000000005 0.0363185067484
0.07200000000000005 0.036879661179
0.07300000000000005 0.0360198220757
0.07400000000000005 0.0418584702237
0.07500000000000005 0.0370834913672
0.07600000000000005 0.0401930641178
0.07700000000000005 0.0438489914447
0.07800000000000006 0.043790193433
0.07900000000000006 0.0467338542253
0.08000000000000006 0.0473218976
0.08100000000000006 0.0476621597601
0.08200000000000006 0.0506725743674
0.08300000000000006 0.0554350772812
0.08400000000000006 0.0549984267984
0.08500000000000006 0.0548519317719
0.08600000000000006 0.0586251450407
0.08700000000000006 0.0582106244625
0.08800000000000006 0.060473048339
0.08900000000000007 0.0718394203578
0.09000000000000007 0.061172381809
0.09100000000000007 0.0661224105804
0.09200000000000007 0.0770476742644
0.09300000000000007 0.0666062522218
0.09400000000000007 0.0722415051712
0.09500000000000007 0.0692000459679
0.09600000000000007 0.075565814976
0.09700000000000007 0.0829712097147
0.09800000000000007 0.0828042338569
0.09900000000000007 0.0917429341656
0.10000000000000007 0.0901481142188
0.10100000000000008 0.0959637859709
0.10200000000000008 0.0983033675387
0.10300000000000008 0.102746878617
0.10400000000000008 0.101261798518
0.10500000000000008 0.108225395486
0.10600000000000008 0.113701705507
0.10700000000000008 0.101161750228
0.10800000000000008 0.114070478938
0.10900000000000008 0.11386694912
0.11000000000000008 0.123805475325
0.11100000000000008 0.12711711693
0.11200000000000009 0.128269741719
0.11300000000000009 0.132963398282
0.11400000000000009 0.139246956017
0.11500000000000009 0.148817085152
0.11600000000000009 0.149418362244
0.11700000000000009 0.162078268846
0.11800000000000009 0.14663223153
0.11900000000000009 0.161265890119
0.12000000000000009 0.172081788694
0.1210000000000001 0.169871184722
0.1220000000000001 0.176062275001
0.1230000000000001 0.181575965957
0.1240000000000001 0.175365371136
0.12500000000000008 0.191401562439
0.12600000000000008 0.193652091962
0.12700000000000009 0.204239583897
0.12800000000000009 0.221495641856
0.1290000000000001 0.197441930803
0.1300000000000001 0.210351147028
0.1310000000000001 0.229939702719
0.1320000000000001 0.247899111669
0.1330000000000001 0.230120512694
0.1340000000000001 0.239018558445
0.1350000000000001 0.262309642199
0.1360000000000001 0.26528738173
0.1370000000000001 0.250135078858
0.1380000000000001 0.261513946955
0.1390000000000001 0.276372193794
0.1400000000000001 0.308141225361
0.1410000000000001 0.317418537529
0.1420000000000001 0.2947246608
0.1430000000000001 0.308062731124
0.1440000000000001 0.326626438284
0.1450000000000001 0.301827147031
0.1460000000000001 0.334258394213
0.1470000000000001 0.356399767954
0.1480000000000001 0.365867900298
0.1490000000000001 0.389831273314
0.1500000000000001 0.407010898037
0.1510000000000001 0.394854620251
0.1520000000000001 0.424762523078
0.1530000000000001 0.433976633142
0.1540000000000001 0.43184463066
0.1550000000000001 0.453534824629
0.1560000000000001 0.469149179755
0.1570000000000001 0.486705382912
0.1580000000000001 0.492337066831
0.1590000000000001 0.509503007445
0.16000000000000011 0.47471639
0.16100000000000012 0.50513112538
0.16200000000000012 0.564924072789
0.16300000000000012 0.533919812078
0.16400000000000012 0.565254328735
0.16500000000000012 0.649523348767
0.16600000000000012 0.571314539894
0.16700000000000012 0.761587223742
0.16800000000000012 0.6893067699
0.16900000000000012 0.679926422735
0.17000000000000012 0.781708177788
0.17100000000000012 0.686049183858
0.17200000000000013 0.819410522479
0.17300000000000013 0.823305046527
0.17400000000000013 0.81656075025
0.17500000000000013 0.793593127646
0.17600000000000013 0.926365496111
0.17700000000000013 0.958222496871
0.17800000000000013 0.968277325524
0.17900000000000013 1.03951812831
0.18000000000000013 1.0609852959
0.18100000000000013 1.29503652913
0.18200000000000013 1.25852981334
0.18300000000000013 1.2756065746
0.18400000000000014 1.11026889454
0.18500000000000014 1.37585375679
0.18600000000000014 1.92692010227
0.18700000000000014 2.02164409678
0.18800000000000014 2.09749431876
0.18900000000000014 2.35691676651
0.19000000000000014 2.08353723479
0.19100000000000014 1.88491885047
0.19200000000000014 2.26256724634
0.19300000000000014 2.72161842692
0.19400000000000014 1.50135207118
0.19500000000000015 1.49325596422
0.19600000000000015 1.53875261049
0.19700000000000015 1.21182392884
0.19800000000000015 1.3121376028
0.19900000000000015 1.25633039169
0.20000000000000015 1.33399918688
0.20100000000000015 1.31400337075
0.20200000000000015 1.09742373541
0.20300000000000015 1.10033080614
0.20400000000000015 1.01818988397
0.20500000000000015 1.04304324611
0.20600000000000016 1.11211433151
0.20700000000000016 1.07740268762
0.20800000000000016 0.947432295264
0.20900000000000016 0.996905117897
0.21000000000000016 0.939886714955
0.21100000000000016 0.884144065062
0.21200000000000016 0.898161558748
0.21300000000000016 0.960076876115
0.21400000000000016 0.793683734686
0.21500000000000016 0.83384158548
0.21600000000000016 0.831187422639
0.21700000000000016 0.778005084137
0.21800000000000017 0.778535339579
0.21900000000000017 0.778807256864
0.22000000000000017 0.80505412185
0.22100000000000017 0.745088109019
0.22200000000000017 0.748174582135
0.22300000000000017 0.680412139337
0.22400000000000017 0.678404026076
0.22500000000000017 0.737906421445
0.22600000000000017 0.669150142584
0.22700000000000017 0.712429467043
0.22800000000000017 0.615495187997
0.22900000000000018 0.656301538553
0.23000000000000018 0.645666796523
0.23100000000000018 0.617007336604
0.23200000000000018 0.65905281195
0.23300000000000018 0.606720787137
0.23400000000000018 0.583291104587
0.23500000000000018 0.587274039941
0.23600000000000018 0.570764148952
0.23700000000000018 0.597446166459
0.23800000000000018 0.537264289954
0.23900000000000018 0.547177850948
0.24000000000000019 0.5140696059
0.2410000000000002 0.580668588873
0.2420000000000002 0.533377065242
0.2430000000000002 0.50640338532
0.2440000000000002 0.543636704625
0.2450000000000002 0.488922345062
0.2460000000000002 0.485137003834
0.2470000000000002 0.504376902861
0.2480000000000002 0.501214485696
0.2490000000000002 0.458404393258
0.25000000000000017 0.471413354492
0.25100000000000017 0.466952422263
0.25200000000000017 0.449320982012
0.25300000000000017 0.433498691932
0.25400000000000017 0.435210234417
0.25500000000000017 0.470384854492
0.25600000000000017 0.4449118144
0.2570000000000002 0.44641513504
0.2580000000000002 0.434534862305
0.2590000000000002 0.422038113482
0.2600000000000002 0.424443440586
0.2610000000000002 0.398848803854
0.2620000000000002 0.38985214196
0.2630000000000002 0.370426268142
0.2640000000000002 0.378213315208
0.2650000000000002 0.383415854014
0.2660000000000002 0.37242406891
0.2670000000000002 0.332317108739
0.2680000000000002 0.341004494327
0.2690000000000002 0.364459255468
0.2700000000000002 0.349100988718
0.2710000000000002 0.363414285122
0.2720000000000002 0.339373278
0.2730000000000002 0.331439633561
0.2740000000000002 0.314315446784
0.2750000000000002 0.341537354404
0.2760000000000002 0.352858358159
0.2770000000000002 0.312144246922
0.2780000000000002 0.30458361949
0.2790000000000002 0.316767198922
0.2800000000000002 0.296982948194
0.2810000000000002 0.298450828404
0.2820000000000002 0.292094981757
0.2830000000000002 0.296230363806
0.2840000000000002 0.29527123028
0.2850000000000002 0.311791541132
0.2860000000000002 0.288828952968
0.2870000000000002 0.277288679868
0.2880000000000002 0.309326415516
0.2890000000000002 0.262100798437
0.2900000000000002 0.271414168828
0.2910000000000002 0.291845344651
0.2920000000000002 0.257535077265
0.2930000000000002 0.281460548811
0.2940000000000002 0.257164618146
0.2950000000000002 0.257788174191
0.2960000000000002 0.254573681518
0.2970000000000002 0.251292541604
0.2980000000000002 0.235764478306
0.2990000000000002 0.247216944654
0.3000000000000002 0.263771321836
0.3010000000000002 0.23614033391
0.3020000000000002 0.240929616269
0.3030000000000002 0.261692000267
0.3040000000000002 0.234651478656
0.3050000000000002 0.220379463069
0.3060000000000002 0.214188774275
0.3070000000000002 0.209469645041
0.3080000000000002 0.231087925819
0.3090000000000002 0.21945743878
0.3100000000000002 0.222560957088
0.3110000000000002 0.199579134847
0.3120000000000002 0.197235032758
0.3130000000000002 0.205186175631
0.3140000000000002 0.202256112401
0.3150000000000002 0.212247691677
0.3160000000000002 0.19879238709
0.3170000000000002 0.200546751457
0.3180000000000002 0.203390375312
0.31900000000000023 0.202625618754
0.32000000000000023 0.18004271
0.32100000000000023 0.187363893541
0.32200000000000023 0.172561650169
0.32300000000000023 0.191625762584
0.32400000000000023 0.190934980866
0.32500000000000023 0.175042395303
0.32600000000000023 0.180352294516
0.32700000000000023 0.179589557397
0.32800000000000024 0.170912218444
0.32900000000000024 0.166367674879
0.33000000000000024 0.16190062778
0.33100000000000024 0.170269784082
0.33200000000000024 0.167267620057
0.33300000000000024 0.162330351222
0.33400000000000024 0.166036561887
0.33500000000000024 0.162357836367
0.33600000000000024 0.143704118439
0.33700000000000024 0.148620296891
0.33800000000000024 0.149988046873
0.33900000000000025 0.150092313478
0.34000000000000025 0.156308799648
0.34100000000000025 0.159170425161
0.34200000000000025 0.138707822795
0.34300000000000025 0.148083762735
0.34400000000000025 0.14115526293
0.34500000000000025 0.133822987234
0.34600000000000025 0.143069399953
0.34700000000000025 0.127888317448
0.34800000000000025 0.135260637047
0.34900000000000025 0.138972923195
0.35000000000000026 0.131215614688
0.35100000000000026 0.128839639787
0.35200000000000026 0.135547034304
0.35300000000000026 0.130192191914
0.35400000000000026 0.127361575656
0.35500000000000026 0.117318245843
0.35600000000000026 0.128389490928
0.35700000000000026 0.1326904153
0.35800000000000026 0.117312233466
0.35900000000000026 0.126804694366
0.36000000000000026 0.119495832694
0.36100000000000027 0.121748748825
0.36200000000000027 0.125645716132
0.36300000000000027 0.115550410289
0.36400000000000027 0.116893072296
0.36500000000000027 0.111950499588
0.36600000000000027 0.108453674399
0.36700000000000027 0.110845898645
0.36800000000000027 0.1068334544
0.36900000000000027 0.103719543952
0.3700000000000003 0.101112414309
0.3710000000000003 0.105244153408
0.3720000000000003 0.10937687785
0.3730000000000003 0.0982716816715
0.3740000000000003 0.0978802067485
0.3750000000000003 0.0943759857788
0.3760000000000003 0.0990561983478
0.3770000000000003 0.0980748722661
0.3780000000000003 0.094541738698
0.3790000000000003 0.0962012699105
0.3800000000000003 0.0871415079688
0.3810000000000003 0.098306658225
0.3820000000000003 0.0891717190132
0.3830000000000003 0.0884138701381
0.3840000000000003 0.088026494976
0.3850000000000003 0.0838061810824
0.3860000000000003 0.0839032421285
0.3870000000000003 0.0898349938532
0.3880000000000003 0.0846127700484
0.3890000000000003 0.0840302914915
0.3900000000000003 0.0833569790625
0.3910000000000003 0.0802628689823
0.3920000000000003 0.0795117747078
0.3930000000000003 0.0862929434725
0.3940000000000003 0.0759916603438
0.3950000000000003 0.0774700961527
0.3960000000000003 0.0722485462359
0.3970000000000003 0.0804441162776
0.3980000000000003 0.080817879204
0.3990000000000003 0.0688022935506
0.4000000000000003 0.069765019375
0.4010000000000003 0.0737358506753
0.4020000000000003 0.0708364974353
0.4030000000000003 0.0678655722272
0.4040000000000003 0.0702411372734
0.4050000000000003 0.0765783869897
0.4060000000000003 0.0695256587519
0.4070000000000003 0.0715633470937
0.4080000000000003 0.0670448319098
0.4090000000000003 0.0651338311618
0.4100000000000003 0.0636782525484
0.4110000000000003 0.0629246765897
0.4120000000000003 0.0631310923359
0.4130000000000003 0.0594680283387
0.4140000000000003 0.0586131471
0.4150000000000003 0.0637548317594
0.4160000000000003 0.059905010204
0.4170000000000003 0.0575620402682
0.4180000000000003 0.0569785276811
0.4190000000000003 0.0571025868203
0.4200000000000003 0.0582609813188
0.4210000000000003 0.0547804678272
0.4220000000000003 0.0591462904107
0.4230000000000003 0.0532537184631
0.4240000000000003 0.0632936457298
0.4250000000000003 0.0534849527124
0.4260000000000003 0.0564007530707
0.4270000000000003 0.0521326329918
0.4280000000000003 0.0499117144269
0.4290000000000003 0.051857128328
0.4300000000000003 0.05366029125
0.4310000000000003 0.0490566820749
0.43200000000000033 0.051697250784
0.43300000000000033 0.0503115013438
0.43400000000000033 0.0489465168399
0.43500000000000033 0.0460558985063
0.43600000000000033 0.0486061504399
0.43700000000000033 0.0466052078925
0.43800000000000033 0.0429964939412
0.43900000000000033 0.0466669015722
0.44000000000000034 0.042954307275
0.44100000000000034 0.0458114999405
0.44200000000000034 0.0418558509937
0.44300000000000034 0.0429447815382
0.44400000000000034 0.042506760024
0.44500000000000034 0.046360248484
0.44600000000000034 0.0449052838919
0.44700000000000034 0.0415201353671
0.44800000000000034 0.041309207744
0.44900000000000034 0.0387658688901
0.45000000000000034 0.0419878046777
0.45100000000000035 0.0374289295647
0.45200000000000035 0.0405196689824
0.45300000000000035 0.0370231376444
0.45400000000000035 0.0402438269438
0.45500000000000035 0.0366073500851
0.45600000000000035 0.0384249279938
0.45700000000000035 0.0375285695631
0.45800000000000035 0.0367952637032
0.45900000000000035 0.0357587248274
0.46000000000000035 0.0351832932359
0.46100000000000035 0.0359321134292
0.46200000000000035 0.0359572890059
0.46300000000000036 0.0325073162645
0.46400000000000036 0.033408455039
0.46500000000000036 0.0354423147855
0.46600000000000036 0.0343506725653
0.46700000000000036 0.0337556101097
0.46800000000000036 0.0317752755474
0.46900000000000036 0.0313719161444
0.47000000000000036 0.0318690911313
0.47100000000000036 0.0316726130601
0.47200000000000036 0.032241008076
0.47300000000000036 0.0294563620205
0.47400000000000037 0.0287600015586
0.47500000000000037 0.028403789353
0.47600000000000037 0.029152202786
0.47700000000000037 0.027084977502
0.47800000000000037 0.0285775470484
0.47900000000000037 0.0289350877262
0.48000000000000037 0.0314018496
0.48100000000000037 0.0284993371813
0.4820000000000004 0.0299530977125
0.4830000000000004 0.0272034329697
0.4840000000000004 0.0270647221219
0.4850000000000004 0.0254311955897
0.4860000000000004 0.026272907766
0.4870000000000004 0.0248936575362
0.4880000000000004 0.025026623659
0.4890000000000004 0.0233101278276
0.4900000000000004 0.0267017376527
0.4910000000000004 0.0255393592864
0.4920000000000004 0.025296580611
0.4930000000000004 0.0245765680198
0.4940000000000004 0.0232829371182
0.4950000000000004 0.0214144614105
0.4960000000000004 0.024230746256
0.4970000000000004 0.0238580580129
0.4980000000000004 0.0238759805903
0.4990000000000004 0.0243713376226
0.5000000000000003 0.0207524912109
0.5010000000000003 0.0217895340762
0.5020000000000003 0.0202136336119
0.5030000000000003 0.0224584773077
0.5040000000000003 0.0195679151798
0.5050000000000003 0.0218495846601
0.5060000000000003 0.0203126320623
0.5070000000000003 0.0197425430147
0.5080000000000003 0.019515912581
0.5090000000000003 0.0207585858033
0.5100000000000003 0.0194240150121
0.5110000000000003 0.0203874300766
0.5120000000000003 0.018073803776
0.5130000000000003 0.0175313473163
0.5140000000000003 0.0186248231369
0.5150000000000003 0.017122838973
0.5160000000000003 0.0187207079349
0.5170000000000003 0.0177249192182
0.5180000000000003 0.0180942182637
0.5190000000000003 0.0182538110874
0.5200000000000004 0.016575600275
0.5210000000000004 0.0169992301359
0.5220000000000004 0.0168209652578
0.5230000000000004 0.0179160811178
0.5240000000000004 0.0172915855569
0.5250000000000004 0.0176350462866
0.5260000000000004 0.0157180489405
0.5270000000000004 0.0165074903155
0.5280000000000004 0.015985491984
0.5290000000000004 0.0150303814473
0.5300000000000004 0.0143541205746
0.5310000000000004 0.0154539960434
0.5320000000000004 0.0143475479
0.5330000000000004 0.0144640973585
0.5340000000000004 0.0139411476287
0.5350000000000004 0.0149916057069
0.5360000000000004 0.0134499855678
0.5370000000000004 0.0129709716665
0.5380000000000004 0.012078397493
0.5390000000000004 0.0128501512403
0.5400000000000004 0.0143463144938
0.5410000000000004 0.0132224118086
0.5420000000000004 0.0129727054512
0.5430000000000004 0.0135800953508
0.5440000000000004 0.012135501884
0.5450000000000004 0.0122613671983
0.5460000000000004 0.01179723151
0.5470000000000004 0.0129412754646
0.5480000000000004 0.0124536713984
0.5490000000000004 0.0123233438345
0.5500000000000004 0.011360660459
0.5510000000000004 0.0121190296817
0.5520000000000004 0.0119650488278
0.5530000000000004 0.0102566618424
0.5540000000000004 0.0117680993703
0.5550000000000004 0.0126915913749
0.5560000000000004 0.0106215736349
0.5570000000000004 0.0112421439829
0.5580000000000004 0.0109729915705
0.5590000000000004 0.0109154056389
0.5600000000000004 0.0108104339
0.5610000000000004 0.00998076674306
0.5620000000000004 0.00964900335586
0.5630000000000004 0.0109219580793
0.5640000000000004 0.0112665117549
0.5650000000000004 0.0113778723168
0.5660000000000004 0.0102053608473
0.5670000000000004 0.0109254972458
0.5680000000000004 0.010596237451
0.5690000000000004 0.00916616840434
0.5700000000000004 0.00877531420898
0.5710000000000004 0.00775302573242
0.5720000000000004 0.00827805682275
0.5730000000000004 0.0082410579
0.5740000000000004 0.00874191978319
0.5750000000000004 0.00899756675781
0.5760000000000004 0.008920854
0.5770000000000004 0.00915376711015
0.5780000000000004 0.00806887898398
0.5790000000000004 0.00764496016984
0.5800000000000004 0.007818587775
0.5810000000000004 0.00811308875694
0.5820000000000004 0.007675824564
0.5830000000000004 0.00806401389875
0.5840000000000004 0.00803655698775
0.5850000000000004 0.00748348621084
0.5860000000000004 0.00710904301319
0.5870000000000004 0.00752953120981
0.5880000000000004 0.00808160933475
0.5890000000000004 0.00677942041403
0.5900000000000004 0.00650579319375
0.5910000000000004 0.00736051721396
0.5920000000000004 0.006621119216
0.5930000000000004 0.00660042975194
0.5940000000000004 0.00640793040061
0.5950000000000004 0.00677690143594
0.5960000000000004 0.00638527262444
0.5970000000000004 0.00636551903668
0.5980000000000004 0.00611339543486
0.5990000000000004 0.00563986817959
0.6000000000000004 0.0059709375
0.6010000000000004 0.00630647915975
0.6020000000000004 0.00637858078736
0.6030000000000004 0.006139901574
0.6040000000000004 0.005597280684
0.6050000000000004 0.005501721775
0.6060000000000004 0.00560032604775
0.6070000000000004 0.00641763172871
0.6080000000000004 0.005668705024
0.6090000000000004 0.005709342114
0.6100000000000004 0.0050944211
0.6110000000000004 0.00519791161094
0.6120000000000004 0.00541881919744
0.6130000000000004 0.00544336624844
0.6140000000000004 0.00617665386686
0.6150000000000004 0.00550018193115
0.6160000000000004 0.005488736176
0.6170000000000004 0.00513052185994
0.6180000000000004 0.005324402484
0.6190000000000004 0.00503964329359
0.6200000000000004 0.00509869211094
0.6210000000000004 0.00516132122734
0.6220000000000004 0.00516565098775
0.6230000000000004 0.00418005229775
0.6240000000000004 0.004871848176
0.6250000000000004 0.00458376464844
0.6260000000000004 0.00472841102361
0.6270000000000004 0.00431240399494
0.6280000000000004 0.003838317631
0.6290000000000004 0.004377372024
0.6300000000000004 0.0045429174
0.6310000000000004 0.00423979252344
0.6320000000000005 0.00410029799375
0.6330000000000005 0.00458185367194
0.6340000000000005 0.00448846522611
0.6350000000000005 0.00422819214844
0.6360000000000005 0.003100057344
0.6370000000000005 0.00341566199975
0.6380000000000005 0.00304954820775
0.6390000000000005 0.00479852299684
0.6400000000000005 0.0042188544
0.6410000000000005 0.00367160693594
0.6420000000000005 0.00395896241123
0.6430000000000005 0.00390285519775
0.6440000000000005 0.003564241184
0.6450000000000005 0.00409524609375
0.6460000000000005 0.002989651824
0.6470000000000005 0.00317386727494
0.6480000000000005 0.003751737264
0.6490000000000005 0.00272717117475
0.6500000000000005 0.00328874
0.6510000000000005 0.003486187026
0.6520000000000005 0.002508007324
0.6530000000000005 0.00285478160444
0.6540000000000005 0.00304146174375
0.6550000000000005 0.0029585564
0.6560000000000005 0.002824548999
0.6570000000000005 0.00346287712444
0.6580000000000005 0.00315067733673
0.6590000000000005 0.00250664278944
0.6600000000000005 0.002677605975
0.6610000000000005 0.003316667311
0.6620000000000005 0.003217149204
0.6630000000000005 0.00283519257694
0.6640000000000005 0.002454660924
0.6650000000000005 0.00248682464844
0.6660000000000005 0.002354838804
0.6670000000000005 0.00288054505275
0.6680000000000005 0.002519799039
0.6690000000000005 0.00244566911194
0.6700000000000005 0.0026592836
0.6710000000000005 0.002483529356
0.6720000000000005 0.002397459456
0.6730000000000005 0.00214209939744
0.6740000000000005 0.00254891424375
0.6750000000000005 0.002342368125
0.6760000000000005 0.002473496844
0.6770000000000005 0.00213478189975
0.6780000000000005 0.00280381382775
0.6790000000000005 0.00192310106278
0.6800000000000005 0.0021695519
0.6810000000000005 0.002462107149
0.6820000000000005 0.0018139836
0.6830000000000005 0.00261744062344
0.6840000000000005 0.002703008799
0.6850000000000005 0.00288561644375
0.6860000000000005 0.001769323311
0.6870000000000005 0.0020875760395
0.6880000000000005 0.002345301184
0.6890000000000005 0.00219436815244
0.6900000000000005 0.0020205684
0.6910000000000005 0.00232521309975
0.6920000000000005 0.0018675696
0.6930000000000005 0.00186564730275
0.6940000000000005 0.001771938844
0.6950000000000005 0.00186349346865
0.6960000000000005 0.0016946991
0.6970000000000005 0.00207194502194
0.6980000000000005 0.001785480859
0.6990000000000005 0.00159969303418
0.7000000000000005 0.001815419375
0.7010000000000005 0.00171913568594
0.7020000000000005 0.001689824916
0.7030000000000005 0.00178308869746
0.7040000000000005 0.001359350784
0.7050000000000005 0.00180030026865
0.7060000000000005 0.00129216417775
0.7070000000000005 0.00162372823594
0.7080000000000005 0.001465915239
0.7090000000000005 0.00137872831275
0.7100000000000005 0.001034791275
0.7110000000000005 0.00141517444444
0.7120000000000005 0.001574568064
0.7130000000000005 0.00116149607275
0.7140000000000005 0.001403978184
0.7150000000000005 0.00140216236875
0.7160000000000005 0.001146266775
0.7170000000000005 0.00120910519744
0.7180000000000005 0.0013661386
0.7190000000000005 0.001423710594
0.7200000000000005 0.0016909884
0.7210000000000005 0.00121769505244
0.7220000000000005 0.00104383862975
0.7230000000000005 0.00116408481244
0.7240000000000005 0.001288129759
0.7250000000000005 0.00114901625
0.7260000000000005 0.00111710463975
0.7270000000000005 0.00108493790475
0.7280000000000005 0.0013382096
0.7290000000000005 0.00109091551275
0.7300000000000005 0.001217543275
0.7310000000000005 0.000877387364438
0.7320000000000005 0.000816294375
0.7330000000000005 0.00104435549375
0.7340000000000005 0.001168561764
0.7350000000000005 0.00102207193594
0.7360000000000005 0.000760778176
0.7370000000000005 0.000795199416
0.7380000000000005 0.000926439444
0.7390000000000005 0.00125758013275
0.7400000000000005 0.0009959475
0.7410000000000005 0.000705534767438
0.7420000000000005 0.00129489211775
0.7430000000000005 0.001197394281
0.7440000000000005 0.0008164656
0.7450000000000006 0.00104618743594
0.7460000000000006 0.00084781734375
0.7470000000000006 0.00082013372775
0.7480000000000006 0.000984692071
0.7490000000000006 0.00082453121975
0.7500000000000006 0.00112187109375
0.7510000000000006 0.000992606509938
0.7520000000000006 0.000760461504
0.7530000000000006 0.00076546215
0.7540000000000006 0.000628068051
0.7550000000000006 0.00103673296875
0.7560000000000006 0.000836728704
0.7570000000000006 0.000635511341
0.7580000000000006 0.000909391171
0.7590000000000006 0.000843382584
0.7600000000000006 0.0007450679
0.7610000000000006 0.000744134289938
0.7620000000000006 0.00088805870775
0.7630000000000006 0.000817619974938
0.7640000000000006 0.0007879896
0.7650000000000006 0.00064652731875
0.7660000000000006 0.000506223739
0.7670000000000006 0.00064991227275
0.7680000000000006 0.000687108096
0.7690000000000006 0.00079523270475
0.7700000000000006 0.000655006275
0.7710000000000006 0.000728190225
0.7720000000000006 0.000477941919
0.7730000000000006 0.000551780685938
0.7740000000000006 0.00062569743975
0.7750000000000006 0.000699690585938
0.7760000000000006 0.000594799344
0.7770000000000006 0.000484152924938
0.7780000000000006 0.000522208771
0.7790000000000006 0.000706931837438
0.7800000000000006 0.0005986656
0.7810000000000006 0.000414735357438
0.7820000000000006 0.000527592331
0.7830000000000006 0.000416862201938
0.7840000000000006 0.0006444284
0.7850000000000006 0.000717863610938
0.7860000000000006 0.00042006266775
0.7870000000000006 0.000496695227438
0.7880000000000006 0.000497958279
0.7890000000000006 0.000461288061
0.7900000000000006 0.000689474475
0.7910000000000006 0.00084138452475
0.7920000000000006 0.000349660476
0.7930000000000006 0.000465977109
0.7940000000000006 0.00042865707775
0.7950000000000006 0.000429737498438
0.7960000000000006 0.000469509456
0.7970000000000006 0.00039303556875
0.7980000000000006 0.00066510197775
0.7990000000000006 0.000355868657438
0.8000000000000006 0.00035676
0.8010000000000006 4.00599624375e-05
0.8020000000000006 0.000476614164
0.8030000000000006 0.000359440716938
0.8040000000000006 0.000360336519
0.8050000000000006 0.000361233435938
0.8060000000000006 0.000322219456
0.8070000000000006 0.000442808616938
0.8080000000000006 0.000483772224
0.8090000000000006 0.000284331089438
0.8100000000000006 0.00052615119375
0.8110000000000006 0.000366638349938
0.8120000000000006 0.0004079691
0.8130000000000006 0.00024637619475
0.8140000000000006 0.000246982659
0.8150000000000006 0.0003294556
0.8160000000000006 0.000574467264
0.8170000000000006 0.00024880652475
0.8180000000000006 0.00020805574375
0.8190000000000006 0.00025002616275
0.8200000000000006 0.000292115775
0.8210000000000006 0.000167836209
0.8220000000000006 0.00021009549375
0.8230000000000006 0.000335955184
0.8240000000000006 0.000336772096
0.8250000000000006 0.00025370296875
0.8260000000000006 0.000169886724
0.8270000000000006 0.00042318106875
0.8280000000000006 0.000170710416
0.8290000000000006 0.00025616908275
0.8300000000000006 0.000594348475
0.8310000000000006 0.00025740661275
0.8320000000000006 0.000129402624
0.8330000000000006 0.00025864712475
0.8340000000000006 0.00013002549975
0.8350000000000006 0.00025989061875
0.8360000000000006 0.000130649871
0.8370000000000006 0.00026113709475
0.8380000000000006 0.00021835399375
0.8390000000000006 0.000349144816
0.8400000000000006 0.0003499776
0.8410000000000006 8.823330475e-05
0.8420000000000006 0.00030800054775
0.8430000000000006 0.000352481904
0.8440000000000006 0.0004407579
0.8450000000000006 0.00026615281875
0.8460000000000006 0.000354995136
0.8470000000000006 0.000178634841
0.8480000000000006 0.000134427504
0.8490000000000006 0.000357517296
0.8500000000000006 0.0001799025
0.8510000000000006 0.00026994592275
0.8520000000000006 0.000360048384
0.8530000000000006 9.076922275e-05
0.8540000000000006 0.000181599684
0.8550000000000006 0.000317584673438
0.8560000000000006 0.000273127344
0.8570000000000007 0.000137296059938
0.8580000000000007 9.1836459e-05
0.8590000000000007 0.000229434873438
0.8600000000000007 0.000412280775
0.8610000000000007 0.000138580694438
0.8620000000000007 0.00013890278775
0.8630000000000007 0.000139225254938
0.8640000000000007 9.3125376e-05
0.8650000000000007 0.000186308025
0.8660000000000007 0.00023318944375
0.8670000000000007 0.000372837744
0.8680000000000007 0.000140843199
0.8690000000000007 0.000141167909438
0.8700000000000007 0.000282134475
0.8710000000000007 9.464046475e-05
0.8720000000000007 4.7476476e-05
0.8730000000000007 0.000189770121
0.8740000000000007 0.000190205124
0.8750000000000007 0.000143124023438
0.8760000000000007 4.7913039e-05
0.8770000000000007 0.000191513121
0.8780000000000007 9.6167779e-05
0.8790000000000007 9.638696475e-05
0.8800000000000007 0.00024079
0.8810000000000007 4.84615524375e-05
0.8820000000000007 0.00014542316775
0.8830000000000007 0.000242434548438
0.8840000000000007 0.000146083431
0.8850000000000007 0.000243534023438
0.8860000000000007 0.000195464004
0.8870000000000007 9.814943275e-05
0.8880000000000007 9.8370864e-05
0.8890000000000007 9.859254475e-05
0.8900000000000007 0.000295255275
0.8910000000000007 0.0
0.8920000000000007 0.000198120336
0.8930000000000007 0.000149073122438
0.8940000000000007 4.990229775e-05
0.8950000000000007 0.000149741610938
0.8960000000000007 0.000199901184
0.8970000000000007 0.0
0.8980000000000007 5.034984975e-05
0.8990000000000007 5.04620499375e-05
0.9000000000000007 0.0
0.9010000000000007 0.0
0.9020000000000007 0.000101497099
0.9030000000000007 0.00010172227275
0.9040000000000007 0.000152768316
0.9050000000000007 0.0
0.9060000000000007 0.00015344502975
0.9070000000000007 0.0
0.9080000000000007 0.000102851884
0.9090000000000007 0.00010307855475
0.9100000000000007 0.0002061969
0.9110000000000007 0.00010353264475
0.9120000000000007 0.000155484144
0.9130000000000007 5.20459644375e-05
0.9140000000000007 0.00036292734975
0.9150000000000007 0.00010444381875
0.9160000000000007 0.000104672236
0.9170000000000007 5.25030069375e-05
0.9180000000000007 5.261757975e-05
0.9190000000000007 5.27322774375e-05
0.9200000000000007 0.0
0.9210000000000007 5.29620474375e-05
0.9220000000000007 0.000106047979
0.9230000000000007 0.0
0.9240000000000007 5.3307639e-05
0.9250000000000007 0.000213050625
0.9260000000000007 0.000106970131
0.9270000000000007 5.36543544375e-05
0.9280000000000007 0.000107432704
0.9290000000000007 0.0
0.9300000000000007 5.400219375e-05
0.9310000000000007 0.0
0.9320000000000007 0.000162378399
0.9330000000000007 0.0
0.9340000000000007 5.446772775e-05
0.9350000000000007 0.0
0.9360000000000007 5.4701244e-05
0.9370000000000007 5.48181894375e-05
0.9380000000000007 0.000109760539
0.9390000000000007 0.0
0.9400000000000007 5.5169775e-05
0.9410000000000007 0.000165529604438
0.9420000000000007 5.540478975e-05
0.9430000000000007 0.00011093381275
0.9440000000000007 0.0
0.9450000000000007 5.57582484375e-05
0.9460000000000007 5.587631775e-05
0.9470000000000007 5.59945119375e-05
0.9480000000000007 0.0
0.9490000000000007 0.0
0.9500000000000007 5.634984375e-05
0.9510000000000007 0.00011282402475
0.9520000000000007 5.6587356e-05
0.9530000000000007 5.67062994375e-05
0.9540000000000007 0.0
0.9550000000000007 5.69445609375e-05
0.9560000000000007 5.7063879e-05
0.9570000000000007 0.0
0.9580000000000007 0.0
0.9590000000000007 5.74225824375e-05
0.9600000000000007 5.75424e-05
0.9610000000000007 0.0
0.9620000000000007 0.0
0.9630000000000007 5.79026019375e-05
0.9640000000000007 5.8022919e-05
0.9650000000000007 0.0
0.9660000000000007 5.826392775e-05
0.9670000000000007 5.83846194375e-05
0.9680000000000007 5.8505436e-05
0.9690000000000007 0.0
0.9700000000000008 0.0
0.9710000000000008 0.0
0.9720000000000008 0.0
0.9730000000000008 0.00011810444275
0.9740000000000008 0.0
0.9750000000000008 0.00011859046875
0.9760000000000008 5.9476464e-05
0.9770000000000008 0.0
0.9780000000000008 5.972046975e-05
0.9790000000000008 0.0
0.9800000000000008 0.0001198099
0.9810000000000008 0.00012005453475
0.9820000000000008 0.0
0.9830000000000008 0.0
0.9840000000000008 0.0
0.9850000000000008 0.0
0.9860000000000008 0.0
0.9870000000000008 0.0
0.9880000000000008 0.0
0.9890000000000008 6.10714299375e-05
0.9900000000000008 6.119499375e-05
0.9910000000000008 6.13186824375e-05
0.9920000000000008 0.0
0.9930000000000008 0.0
0.9940000000000008 0.0
0.9950000000000008 0.0
0.9960000000000008 0.0
0.9970000000000008 0.0
0.9980000000000008 0.0
0.9990000000000008 0.00012450062475
1.0000000000000007 0.0
