0.05 -0.01123046875
0.051000000000000004 -0.000148828125
0.052000000000000005 -0.0001126953125
0.053000000000000005 0.000109765625
0.054000000000000006 8.49609375e-06
0.05500000000000001 -4.453125e-05
0.05600000000000001 -0.00016005859375
0.05700000000000001 -9.091796875e-05
0.05800000000000001 -0.00019248046875
0.05900000000000001 5.46875e-05
0.06000000000000001 -0.000119921875
0.06100000000000001 0.00014794921875
0.06200000000000001 3.154296875e-05
0.06300000000000001 -0.00011962890625
0.06400000000000002 9.462890625e-05
0.06500000000000002 -2.490234375e-05
0.06600000000000002 0.00031015625
0.06700000000000002 0.00011962890625
0.06800000000000002 0.00020078125
0.06900000000000002 -3.59375e-05
0.07000000000000002 9.70703125e-05
0.07100000000000002 0.00026015625
0.07200000000000002 0.00020751953125
0.07300000000000002 -0.0002056640625
0.07400000000000002 -2.685546875e-05
0.07500000000000002 0.0001671875
0.07600000000000003 -0.00015751953125
0.07700000000000003 0.00015546875
0.07800000000000003 0.00012333984375
0.07900000000000003 5.05859375e-05
0.08000000000000003 0.00026328125
0.08100000000000003 0.00023701171875
0.08200000000000003 0.00028720703125
0.08300000000000003 -0.0002611328125
0.08400000000000003 -0.0005017578125
0.08500000000000003 4.08203125e-05
0.08600000000000003 -0.0001130859375
0.08700000000000004 -0.0003962890625
0.08800000000000004 -0.00024375
0.08900000000000004 -5.37109375e-06
0.09000000000000004 -0.000275
0.09100000000000004 -0.00012021484375
0.09200000000000004 -5.068359375e-05
0.09300000000000004 2.40234375e-05
0.09400000000000004 0.000544921875
0.09500000000000004 8.671875e-05
0.09600000000000004 -0.0009251953125
0.09700000000000004 0.00023740234375
0.09800000000000005 0.00035126953125
0.09900000000000005 0.00024326171875
0.10000000000000005 -0.00040859375
0.10100000000000005 -0.00015556640625
0.10200000000000005 9.1015625e-05
0.10300000000000005 -0.00044755859375
0.10400000000000005 -0.00044716796875
0.10500000000000005 -0.0005705078125
0.10600000000000005 -0.00020009765625
0.10700000000000005 0.0008869140625
0.10800000000000005 8.59375e-06
0.10900000000000006 -1.3671875e-06
0.11000000000000006 -0.00079892578125
0.11100000000000006 0.001067578125
0.11200000000000006 0.0003724609375
0.11300000000000006 -0.00024892578125
0.11400000000000006 0.000128125
0.11500000000000006 -0.000998046875
0.11600000000000006 0.0013216796875
0.11700000000000006 -9.6875e-05
0.11800000000000006 0.0001453125
0.11900000000000006 -0.00089189453125
0.12000000000000006 -0.00038271484375
0.12100000000000007 0.0007103515625
0.12200000000000007 -0.00025859375
0.12300000000000007 0.00021669921875
0.12400000000000007 2.5e-05
0.12500000000000006 -0.00094990234375
0.12600000000000006 0.000906640625
0.12700000000000006 -0.000823046875
0.12800000000000006 -0.0002140625
0.12900000000000006 0.0002310546875
0.13000000000000006 0.0011412109375
0.13100000000000006 9.12109375e-05
0.13200000000000006 0.0012302734375
0.13300000000000006 0.00049287109375
0.13400000000000006 -0.00011640625
0.13500000000000006 0.0023412109375
0.13600000000000007 -0.000105859375
0.13700000000000007 0.00109375
0.13800000000000007 -0.00012177734375
0.13900000000000007 0.00066455078125
0.14000000000000007 -0.00053759765625
0.14100000000000007 0.0005576171875
0.14200000000000007 0.001071484375
0.14300000000000007 0.00161923828125
0.14400000000000007 -0.00078427734375
0.14500000000000007 7.2265625e-06
0.14600000000000007 -0.0015146484375
0.14700000000000008 -0.002872265625
0.14800000000000008 0.0026369140625
0.14900000000000008 0.00178330078125
0.15000000000000008 0.002193359375
0.15100000000000008 0.0018279296875
0.15200000000000008 0.00125673828125
0.15300000000000008 -0.0046197265625
0.15400000000000008 0.00346416015625
0.15500000000000008 -0.00619970703125
0.15600000000000008 0.00388037109375
0.15700000000000008 0.00141552734375
0.15800000000000008 0.00390439453125
0.15900000000000009 0.00121328125
0.1600000000000001 0.002457421875
0.1610000000000001 -0.0050791015625
0.1620000000000001 -0.00313212890625
0.1630000000000001 -0.00183984375
0.1640000000000001 -0.00248505859375
0.1650000000000001 0.0053734375
0.1660000000000001 0.00292841796875
0.1670000000000001 0.0042453125
0.1680000000000001 0.00788466796875
0.1690000000000001 6.416015625e-05
0.1700000000000001 -0.0256624023438
0.1710000000000001 0.0133395507813
0.1720000000000001 0.0173696289063
0.1730000000000001 -0.0101204101563
0.1740000000000001 -0.00102861328125
0.1750000000000001 -0.0045015625
0.1760000000000001 0.00478427734375
0.1770000000000001 0.0446189453125
0.1780000000000001 -0.0496328125
0.1790000000000001 0.0061876953125
0.1800000000000001 -0.0122963867187
0.1810000000000001 -0.00834892578125
0.1820000000000001 -0.0872922851562
0.1830000000000001 -0.0100924804687
0.1840000000000001 -0.0786211914062
0.1850000000000001 0.00042119140625
0.1860000000000001 0.0802569335937
0.1870000000000001 0.0599249023438
0.1880000000000001 0.419243261719
0.1890000000000001 0.237077441406
0.1900000000000001 0.553383691406
0.19100000000000011 0.627165722656
0.19200000000000012 0.675277050781
0.19300000000000012 0.682854003906
0.19400000000000012 0.715066601563
0.19500000000000012 0.720915234375
0.19600000000000012 0.730736132813
0.19700000000000012 0.761452636719
0.19800000000000012 0.772995898438
0.19900000000000012 0.783108105469
0.20000000000000012 0.792350390625
0.20100000000000012 0.802846679688
0.20200000000000012 0.810698339844
0.20300000000000012 0.818334960938
0.20400000000000013 0.823471679688
0.20500000000000013 0.82928046875
0.20600000000000013 0.835812890625
0.20700000000000013 0.842024609375
0.20800000000000013 0.848038378906
0.20900000000000013 0.851938085937
0.21000000000000013 0.855450097656
0.21100000000000013 0.861047753906
0.21200000000000013 0.865376757813
0.21300000000000013 0.868968457031
0.21400000000000013 0.873473925781
0.21500000000000014 0.877233203125
0.21600000000000014 0.880354394531
0.21700000000000014 0.883379296875
0.21800000000000014 0.886938769531
0.21900000000000014 0.890469042969
0.22000000000000014 0.892641601563
0.22100000000000014 0.894890722656
0.22200000000000014 0.8981578125
0.22300000000000014 0.901669921875
0.22400000000000014 0.903660839844
0.22500000000000014 0.906046484375
0.22600000000000015 0.908476660156
0.22700000000000015 0.910461035156
0.22800000000000015 0.913038476563
0.22900000000000015 0.91475859375
0.23000000000000015 0.916939550781
0.23100000000000015 0.9191734375
0.23200000000000015 0.921126074219
0.23300000000000015 0.923104296875
0.23400000000000015 0.92454609375
0.23500000000000015 0.926693652344
0.23600000000000015 0.928100585938
0.23700000000000015 0.929702832031
0.23800000000000016 0.931422851563
0.23900000000000016 0.932609765625
0.24000000000000016 0.934431445312
0.24100000000000016 0.935973632813
0.24200000000000016 0.937235546875
0.24300000000000016 0.938575878906
0.24400000000000016 0.939848828125
0.24500000000000016 0.941223046875
0.24600000000000016 0.942697460937
0.24700000000000016 0.943771484375
0.24800000000000016 0.945129199219
0.24900000000000017 0.945940136719
0.25000000000000017 0.947558105469
0.25100000000000017 0.948400292969
0.25200000000000017 0.949465820313
0.25300000000000017 0.950555566406
0.25400000000000017 0.951594921875
0.25500000000000017 0.952664941406
0.25600000000000017 0.953420019531
0.2570000000000002 0.954466113281
0.2580000000000002 0.955483105469
0.2590000000000002 0.956212011719
0.2600000000000002 0.957251757813
0.2610000000000002 0.958047558594
0.2620000000000002 0.958916699219
0.2630000000000002 0.95974296875
0.2640000000000002 0.960403515625
0.2650000000000002 0.96125703125
0.2660000000000002 0.962032519531
0.2670000000000002 0.962807714844
0.2680000000000002 0.96359375
0.2690000000000002 0.964296191406
0.2700000000000002 0.965043652344
0.2710000000000002 0.965699609375
0.2720000000000002 0.966384082031
0.2730000000000002 0.966958789062
0.2740000000000002 0.967704003906
0.2750000000000002 0.968345507812
0.2760000000000002 0.968902441406
0.2770000000000002 0.969489550781
0.2780000000000002 0.970009472656
0.2790000000000002 0.970518066406
0.2800000000000002 0.971150683594
0.2810000000000002 0.971705957031
0.2820000000000002 0.972287304688
0.2830000000000002 0.972780175781
0.2840000000000002 0.973237597656
0.2850000000000002 0.973806347656
0.2860000000000002 0.974283691406
0.2870000000000002 0.974617382812
0.2880000000000002 0.9752640625
0.2890000000000002 0.975703027344
0.2900000000000002 0.976078808594
0.2910000000000002 0.976592480469
0.2920000000000002 0.977099804688
0.2930000000000002 0.977402148437
0.2940000000000002 0.977772558594
0.2950000000000002 0.978333007812
0.2960000000000002 0.978651953125
0.2970000000000002 0.979095410156
0.2980000000000002 0.979409179687
0.2990000000000002 0.979835839844
0.3000000000000002 0.980143978014
