0.05 0.0
0.051000000000000004 0.575483793594
0.052000000000000005 0.599855431094
0.053000000000000005 0.594010546875
0.054000000000000006 0.590232983398
0.05500000000000001 0.590677199375
0.05600000000000001 0.620834968398
0.05700000000000001 0.629728793711
0.05800000000000001 0.635308190273
0.05900000000000001 0.65390021875
0.06000000000000001 0.640996331094
0.06100000000000001 0.664589035898
0.06200000000000001 0.684519249023
0.06300000000000001 0.699942468711
0.06400000000000002 0.663551052773
0.06500000000000002 0.662609154648
0.06600000000000002 0.745049234375
0.06700000000000002 0.742641014648
0.06800000000000002 0.729355680625
0.06900000000000002 0.729840825625
0.07000000000000002 0.770830436875
0.07100000000000002 0.735397386719
0.07200000000000002 0.784447652773
0.07300000000000002 0.798891834219
0.07400000000000002 0.780433807773
0.07500000000000002 0.801960551719
0.07600000000000003 0.815035640586
0.07700000000000003 0.864540827969
0.07800000000000003 0.820367264648
0.07900000000000003 0.828048415
0.08000000000000003 0.900440356094
0.08100000000000003 0.882338983398
0.08200000000000003 0.904947342148
0.08300000000000003 0.902844264219
0.08400000000000003 0.894706494375
0.08500000000000003 0.939760750625
0.08600000000000003 0.90480494
0.08700000000000004 0.983742030625
0.08800000000000004 0.978396787344
0.08900000000000004 0.963544376211
0.09000000000000004 0.959710725625
0.09100000000000004 1.02230360152
0.09200000000000004 1.04073210059
0.09300000000000004 1.03297099609
0.09400000000000004 1.12436996422
0.09500000000000004 1.10262290297
0.09600000000000004 1.10259826812
0.09700000000000004 1.1318189834
0.09800000000000005 1.1433455734
0.09900000000000005 1.11136384277
0.10000000000000005 1.2067325725
0.10100000000000005 1.16980634809
0.10200000000000005 1.20190558688
0.10300000000000005 1.30208825621
0.10400000000000005 1.30008630371
0.10500000000000005 1.35613053422
0.10600000000000005 1.39141452246
0.10700000000000005 1.36452172797
0.10800000000000005 1.39215601109
0.10900000000000006 1.35634472484
0.11000000000000006 1.45100286059
0.11100000000000006 1.46828442125
0.11200000000000006 1.50395905297
0.11300000000000006 1.50136409277
0.11400000000000006 1.56209267984
0.11500000000000006 1.58417715234
0.11600000000000006 1.64176045172
0.11700000000000006 1.64655838375
0.11800000000000006 1.68810615625
0.11900000000000006 1.80408355277
0.12000000000000006 1.73890857496
0.12100000000000007 1.81263526812
0.12200000000000007 1.76884329688
0.12300000000000007 1.9177323059
0.12400000000000007 1.9580086875
0.12500000000000006 2.1152094109
0.12600000000000006 2.10887544672
0.12700000000000006 2.09932703688
0.12800000000000006 2.20734779937
0.12900000000000006 2.27257824984
0.13000000000000006 2.33352504937
0.13100000000000006 2.39392254234
0.13200000000000006 2.51657769922
0.13300000000000006 2.53463621246
0.13400000000000006 2.63642024313
0.13500000000000006 2.650002815
0.13600000000000007 2.77222946875
0.13700000000000007 2.7410056775
0.13800000000000007 2.79511069371
0.13900000000000007 2.89343484809
0.14000000000000007 3.13781354496
0.14100000000000007 3.19960502797
0.14200000000000007 3.55171503922
0.14300000000000007 3.41171357934
0.14400000000000007 3.72633558496
0.14500000000000007 3.6512073225
0.14600000000000007 4.04546576312
0.14700000000000008 4.29666679688
0.14800000000000008 4.15695553687
0.14900000000000008 4.28261703277
0.15000000000000008 4.41332822438
0.15100000000000008 4.84619019
0.15200000000000008 5.41692433496
0.15300000000000008 5.53268418359
0.15400000000000008 5.38330470152
0.15500000000000008 6.20734628027
0.15600000000000008 6.0868703984
0.15700000000000008 6.22679560465
0.15800000000000008 6.89638309371
0.15900000000000009 6.88572854984
0.1600000000000001 8.35979389062
0.1610000000000001 7.43689052984
0.1620000000000001 7.5478558584
0.1630000000000001 9.83331297172
0.1640000000000001 9.6667917959
0.1650000000000001 10.4699670119
0.1660000000000001 11.5088067046
0.1670000000000001 11.3433824287
0.1680000000000001 13.9560909637
0.1690000000000001 15.6846857406
0.1700000000000001 16.7788299209
0.1710000000000001 17.8961919406
0.1720000000000001 18.5613307021
0.1730000000000001 20.755069039
0.1740000000000001 21.2861702031
0.1750000000000001 23.3369437306
0.1760000000000001 27.1271737496
0.1770000000000001 35.2308984623
0.1780000000000001 38.1701417969
0.1790000000000001 49.452287653
0.1800000000000001 43.6764375496
0.1810000000000001 54.193851745
0.1820000000000001 48.9938023037
0.1830000000000001 106.493651966
0.1840000000000001 116.846647884
0.1850000000000001 94.1683752153
0.1860000000000001 120.107186701
0.1870000000000001 112.729444022
0.1880000000000001 160.138930926
0.1890000000000001 139.173823625
0.1900000000000001 105.186390601
0.19100000000000011 37.2474748309
0.19200000000000012 19.4092620481
0.19300000000000012 29.0804509521
0.19400000000000012 12.2862590811
0.19500000000000012 20.3850844694
0.19600000000000012 20.4582528655
0.19700000000000012 6.08997341309
0.19800000000000012 4.67790709047
0.19900000000000012 4.70537415121
0.20000000000000012 3.93901467875
0.20100000000000012 3.05004599609
0.20200000000000012 2.7317573984
0.20300000000000012 2.62463037109
0.20400000000000013 2.25381357422
0.20500000000000013 1.95813881937
0.20600000000000013 1.79618796188
0.20700000000000013 1.55908796
0.20800000000000013 1.37744271215
0.20900000000000013 1.40260930797
0.21000000000000013 1.40433431715
0.21100000000000013 1.14977938902
0.21200000000000013 1.05898180609
0.21300000000000013 0.954624485586
0.21400000000000013 0.842451244961
0.21500000000000014 0.82900721
0.21600000000000014 0.770239287461
0.21700000000000014 0.733186468125
0.21800000000000014 0.684124960586
0.21900000000000014 0.648505257461
0.22000000000000014 0.646900292968
0.22100000000000014 0.613421298398
0.22200000000000014 0.573809668125
0.22300000000000014 0.496354687501
0.22400000000000014 0.536992415274
0.22500000000000014 0.503638943125
0.22600000000000015 0.460240210899
0.22700000000000015 0.427867357773
0.22800000000000015 0.427966554844
0.22900000000000015 0.4122840475
0.23000000000000015 0.408762674961
0.23100000000000015 0.358794261875
0.23200000000000015 0.342520368711
0.23300000000000015 0.332654385
0.23400000000000015 0.335636253751
0.23500000000000015 0.288542318398
0.23600000000000015 0.295419824219
0.23700000000000015 0.282987513711
0.23800000000000016 0.268622933593
0.23900000000000016 0.25763063375
0.24000000000000016 0.242157340469
0.24100000000000016 0.250859886719
0.24200000000000016 0.231923700625
0.24300000000000016 0.225625418398
0.24400000000000016 0.22211137875
0.24500000000000016 0.212418774375
0.24600000000000016 0.217023387344
0.24700000000000016 0.19671725
0.24800000000000016 0.188584448085
0.24900000000000017 0.180550729336
0.25000000000000017 0.172647850586
0.25100000000000017 0.173052493712
0.25200000000000017 0.169352699218
0.25300000000000017 0.164032276523
0.25400000000000017 0.156411084999
0.25500000000000017 0.147623495273
0.25600000000000017 0.147844474961
0.2570000000000002 0.141390223086
0.2580000000000002 0.142487788711
0.2590000000000002 0.137637878086
0.2600000000000002 0.134828962343
0.2610000000000002 0.130776927773
0.2620000000000002 0.122360341836
0.2630000000000002 0.115853835
0.2640000000000002 0.120386366249
0.2650000000000002 0.115852500625
0.2660000000000002 0.116509907461
0.2670000000000002 0.109854460898
0.2680000000000002 0.10394375
0.2690000000000002 0.107055724648
0.2700000000000002 0.101895499648
0.2710000000000002 0.097672355625
0.2720000000000002 0.0943436512107
0.2730000000000002 0.0955871498436
0.2740000000000002 0.0916007608985
0.2750000000000002 0.0896329623438
0.2760000000000002 0.0860788390232
0.2770000000000002 0.086919323086
0.2780000000000002 0.0804188433981
0.2790000000000002 0.0826071865231
0.2800000000000002 0.0785531683982
0.2810000000000002 0.0748106499614
0.2820000000000002 0.0787342467183
0.2830000000000002 0.075101743711
0.2840000000000002 0.0738451871489
0.2850000000000002 0.0699541902736
0.2860000000000002 0.0686141708979
0.2870000000000002 0.0671915342191
0.2880000000000002 0.0643514212502
0.2890000000000002 0.0631897421481
0.2900000000000002 0.0618004996491
0.2910000000000002 0.0606031543357
0.2920000000000002 0.0597565623439
0.2930000000000002 0.058393921719
0.2940000000000002 0.0568526608986
0.2950000000000002 0.0568473867188
0.2960000000000002 0.05271410875
0.2970000000000002 0.0534030090234
0.2980000000000002 0.0537432617189
0.2990000000000002 0.0493328765237
0.3000000000000002 0.0482153916505
