0.0 0.0
0.001 4.03361431e-06
0.002 1.631245744e-05
0.003 3.580532559e-05
0.004 5.3700864e-05
0.005 9.609484375e-05
0.006 0.00013591823616
0.007 0.00020655964896
0.008 0.00026272994304
0.009000000000000001 0.00032758492959
0.010000000000000002 0.000395991984
0.011000000000000003 0.00050186937196
0.012000000000000004 0.00061978876416
0.013000000000000005 0.0007560722
0.014000000000000005 0.00087881468444
0.015000000000000006 0.00098897349375
0.016000000000000007 0.00107081419776
0.017000000000000008 0.001223866159
0.01800000000000001 0.001446073884
0.01900000000000001 0.00165909381775
0.02000000000000001 0.001823157404
0.02100000000000001 0.00198831969504
0.022000000000000013 0.002081124496
0.023000000000000013 0.00252856183116
0.024000000000000014 0.00258888692736
0.025000000000000015 0.00309727094375
0.026000000000000016 0.00304799308476
0.027000000000000017 0.003457319679
0.028000000000000018 0.00378362903296
0.02900000000000002 0.00392991427399
0.03000000000000002 0.004144607559
0.03100000000000002 0.0047971198
0.03200000000000002 0.00506488790016
0.03300000000000002 0.00554784184944
0.03400000000000002 0.00592493460976
0.035000000000000024 0.00628414924375
0.036000000000000025 0.00626344035696
0.037000000000000026 0.00721996580071
0.03800000000000003 0.00756013002684
0.03900000000000003 0.00828353610864
0.04000000000000003 0.008327566336
0.04100000000000003 0.00892756572919
0.04200000000000003 0.00937061141436
0.04300000000000003 0.00971365464016
0.04400000000000003 0.010525807424
0.04500000000000003 0.0107001540878
0.046000000000000034 0.011406404985
0.047000000000000035 0.012393968793
0.048000000000000036 0.013050088151
0.04900000000000004 0.013235262772
0.05000000000000004 0.014109801975
0.05100000000000004 0.0142978143311
0.05200000000000004 0.0154776942694
0.05300000000000004 0.016129702159
0.05400000000000004 0.0172618674782
0.05500000000000004 0.017428454131
0.05600000000000004 0.0177669688314
0.057000000000000044 0.0194388592391
0.058000000000000045 0.0202861574138
0.059000000000000045 0.0214224310114
0.060000000000000046 0.021355157376
0.06100000000000005 0.022611545819
0.06200000000000005 0.024625600975
0.06300000000000004 0.0247122716608
0.06400000000000004 0.026045387735
0.06500000000000004 0.0264651613298
0.06600000000000004 0.027642608631
0.06700000000000005 0.0290122195394
0.06800000000000005 0.031385615987
0.06900000000000005 0.030668319531
0.07000000000000005 0.033248468624
0.07100000000000005 0.0354122825111
0.07200000000000005 0.0345635377862
0.07300000000000005 0.0358045653482
0.07400000000000005 0.0386637553008
0.07500000000000005 0.0381233798438
0.07600000000000005 0.0401547760282
0.07700000000000005 0.0418171589744
0.07800000000000006 0.0456381717854
0.07900000000000006 0.044077228261
0.08000000000000006 0.046432963584
0.08100000000000006 0.0483024042107
0.08200000000000006 0.0504652348358
0.08300000000000006 0.0501066592011
0.08400000000000006 0.051190342681
0.08500000000000006 0.0549562237438
0.08600000000000006 0.0569017939328
0.08700000000000006 0.0617928448298
0.08800000000000006 0.063434697216
0.08900000000000007 0.0621951355498
0.09000000000000007 0.065732348799
0.09100000000000007 0.0690535358067
0.09200000000000007 0.069283276935
0.09300000000000007 0.0723497733388
0.09400000000000007 0.0777454827628
0.09500000000000007 0.0793676982298
0.09600000000000007 0.0790662307738
0.09700000000000007 0.0805887171907
0.09800000000000007 0.0859853917488
0.09900000000000007 0.087760074996
0.10000000000000007 0.0911197104
0.10100000000000008 0.0912320142003
0.10200000000000008 0.0972262030604
0.10300000000000008 0.0965255662775
0.10400000000000008 0.104440425623
0.10500000000000008 0.10230684901
0.10600000000000008 0.113961668317
0.10700000000000008 0.114039264319
0.10800000000000008 0.115336128563
0.10900000000000008 0.122505956212
0.11000000000000008 0.124477311431
0.11100000000000008 0.129879938728
0.11200000000000009 0.135373390889
0.11300000000000009 0.135126616567
0.11400000000000009 0.143604508717
0.11500000000000009 0.148646883471
0.11600000000000009 0.149074580156
0.11700000000000009 0.154094275516
0.11800000000000009 0.163352006864
0.11900000000000009 0.163345487226
0.12000000000000009 0.172605747456
0.1210000000000001 0.187646919828
0.1220000000000001 0.183125508181
0.1230000000000001 0.184244229864
0.1240000000000001 0.194093336676
0.12500000000000008 0.203908686875
0.12600000000000008 0.224347538298
0.12700000000000009 0.206999259388
0.12800000000000009 0.235369090089
0.1290000000000001 0.228666922962
0.1300000000000001 0.241260135116
0.1310000000000001 0.246787914148
0.1320000000000001 0.256537378136
0.1330000000000001 0.265369548563
0.1340000000000001 0.276152488444
0.1350000000000001 0.282222711891
0.1360000000000001 0.2873435676
0.1370000000000001 0.304086031579
0.1380000000000001 0.327605647098
0.1390000000000001 0.345973529889
0.1400000000000001 0.342933603824
0.1410000000000001 0.361321778955
0.1420000000000001 0.3652285156
0.1430000000000001 0.381955496244
0.1440000000000001 0.397537336719
0.1450000000000001 0.434648976431
0.1460000000000001 0.423156766137
0.1470000000000001 0.462114017649
0.1480000000000001 0.496670515446
0.1490000000000001 0.464688704519
0.1500000000000001 0.5091430059
0.1510000000000001 0.520667926111
0.1520000000000001 0.560861512191
0.1530000000000001 0.545133416032
0.1540000000000001 0.611023562294
0.1550000000000001 0.58915744442
0.1560000000000001 0.626098005318
0.1570000000000001 0.669289548617
0.1580000000000001 0.663135385734
0.1590000000000001 0.713601010544
0.16000000000000011 0.7510757376
0.16100000000000012 0.761088065676
0.16200000000000012 0.792802539299
0.16300000000000012 0.804267580359
0.16400000000000012 0.853365190576
0.16500000000000012 0.861358972444
0.16600000000000012 0.888453788655
0.16700000000000012 0.932754849168
0.16800000000000012 0.967897468017
0.16900000000000012 0.990026817981
0.17000000000000012 0.991037966524
0.17100000000000012 1.01107017384
0.17200000000000013 1.01905970338
0.17300000000000013 1.05048932935
0.17400000000000013 1.08443927079
0.17500000000000013 1.08533389094
0.17600000000000013 1.14398213701
0.17700000000000013 1.14314838912
0.17800000000000013 1.13984392439
0.17900000000000013 1.16933313063
0.18000000000000013 1.13078455628
0.18100000000000013 1.21481552108
0.18200000000000013 1.15698510586
0.18300000000000013 1.19923585734
0.18400000000000014 1.14935435442
0.18500000000000014 1.15935127292
0.18600000000000014 1.25812701887
0.18700000000000014 1.21286933323
0.18800000000000014 1.1941854
0.18900000000000014 1.25068494172
0.19000000000000014 1.15148703378
0.19100000000000014 1.22985945382
0.19200000000000014 1.2138396457
0.19300000000000014 1.15890167494
0.19400000000000014 1.16347600671
0.19500000000000015 1.11099585578
0.19600000000000015 1.12120172008
0.19700000000000015 1.13304894771
0.19800000000000015 1.1262589097
0.19900000000000015 1.12759090271
0.20000000000000015 1.10792524
0.20100000000000015 1.0064938617
0.20200000000000015 1.01842639905
0.20300000000000015 1.02013217043
0.20400000000000015 0.980571524999
0.20500000000000015 0.94633471736
0.20600000000000016 1.00352053561
0.20700000000000016 1.03654373541
0.20800000000000016 0.968209354711
0.20900000000000016 0.920067981244
0.21000000000000016 0.886400149824
0.21100000000000016 0.831328554898
0.21200000000000016 0.821777848896
0.21300000000000016 0.915682527
0.21400000000000016 0.826755879978
0.21500000000000016 0.813261785884
0.21600000000000016 0.801450157311
0.21700000000000016 0.796283388794
0.21800000000000017 0.759683054742
0.21900000000000017 0.753638104397
0.22000000000000017 0.722073907676
0.22100000000000017 0.832733069908
0.22200000000000017 0.738570551832
0.22300000000000017 0.71094375805
0.22400000000000017 0.747612304087
0.22500000000000017 0.698485880475
0.22600000000000017 0.6650299504
0.22700000000000017 0.692759058431
0.22800000000000017 0.65921849439
0.22900000000000018 0.637586427256
0.23000000000000018 0.640786197856
0.23100000000000018 0.609274403358
0.23200000000000018 0.588769195596
0.23300000000000018 0.595376387501
0.23400000000000018 0.589063076784
0.23500000000000018 0.6219936525
0.23600000000000018 0.606219946239
0.23700000000000018 0.525663560635
0.23800000000000018 0.562677269928
0.23900000000000018 0.546864704782
0.24000000000000019 0.529442037504
0.2410000000000002 0.531844090422
0.2420000000000002 0.497587798499
0.2430000000000002 0.488822197655
0.2440000000000002 0.550407194955
0.2450000000000002 0.521840005176
0.2460000000000002 0.485990147519
0.2470000000000002 0.49355941729
0.2480000000000002 0.464786426685
0.2490000000000002 0.46472785999
0.25000000000000017 0.472620349375
0.25100000000000017 0.460978538134
0.25200000000000017 0.460438896083
0.25300000000000017 0.444586184102
0.25400000000000017 0.457090915494
0.25500000000000017 0.4261142871
0.25600000000000017 0.433102755594
0.2570000000000002 0.443945494239
0.2580000000000002 0.438021204265
0.2590000000000002 0.392947483615
0.2600000000000002 0.39185016
0.2610000000000002 0.405698538588
0.2620000000000002 0.400009257395
0.2630000000000002 0.408363422092
0.2640000000000002 0.360538829101
0.2650000000000002 0.394300664275
0.2660000000000002 0.382170448059
0.2670000000000002 0.39458563871
0.2680000000000002 0.373736184
0.2690000000000002 0.349613641152
0.2700000000000002 0.3385046619
0.2710000000000002 0.349097821076
0.2720000000000002 0.33745688321
0.2730000000000002 0.343911815998
0.2740000000000002 0.340193253442
0.2750000000000002 0.356912728975
0.2760000000000002 0.3241802988
0.2770000000000002 0.307693037652
0.2780000000000002 0.311002154336
0.2790000000000002 0.319820471098
0.2800000000000002 0.3238546416
0.2810000000000002 0.305618069628
0.2820000000000002 0.291715824757
0.2830000000000002 0.307975649366
0.2840000000000002 0.304042793344
0.2850000000000002 0.29251275856
0.2860000000000002 0.290314930689
0.2870000000000002 0.290391580024
0.2880000000000002 0.277323144561
0.2890000000000002 0.26322301212
0.2900000000000002 0.275772172076
0.2910000000000002 0.272650501476
0.2920000000000002 0.258247431819
0.2930000000000002 0.2655942921
0.2940000000000002 0.269235132246
0.2950000000000002 0.25655683518
0.2960000000000002 0.259548184304
0.2970000000000002 0.267504835385
0.2980000000000002 0.249027572665
0.2990000000000002 0.242450397369
0.3000000000000002 0.2419030071
0.3010000000000002 0.2389420173
0.3020000000000002 0.236520588167
0.3030000000000002 0.243408588298
0.3040000000000002 0.230941207296
0.3050000000000002 0.226340161008
0.3060000000000002 0.226349595042
0.3070000000000002 0.228893565313
0.3080000000000002 0.234977274224
0.3090000000000002 0.224659532625
0.3100000000000002 0.210396318775
0.3110000000000002 0.212305108779
0.3120000000000002 0.215296222228
0.3130000000000002 0.204937313798
0.3140000000000002 0.197347387296
0.3150000000000002 0.204645385744
0.3160000000000002 0.197783611883
0.3170000000000002 0.20423663217
0.3180000000000002 0.20450290239
0.31900000000000023 0.18790416031
0.32000000000000023 0.189163387904
0.32100000000000023 0.19165600858
0.32200000000000023 0.189952944008
0.32300000000000023 0.187797999649
0.32400000000000023 0.180710049203
0.32500000000000023 0.1757991911
0.32600000000000023 0.176932356234
0.32700000000000023 0.173823310843
0.32800000000000024 0.170830374336
0.32900000000000024 0.166173521796
0.33000000000000024 0.179961741036
0.33100000000000024 0.17448612988
0.33200000000000024 0.1666519467
0.33300000000000024 0.161745356736
0.33400000000000024 0.159205216597
0.33500000000000024 0.159141917048
0.33600000000000024 0.133117885233
0.33700000000000024 0.153017164893
0.33800000000000024 0.143231244364
0.33900000000000025 0.154893024481
0.34000000000000025 0.149954515484
0.34100000000000025 0.146728806588
0.34200000000000025 0.143516114604
0.34300000000000025 0.15782704528
0.34400000000000025 0.139067918121
0.34500000000000025 0.15735885685
0.34600000000000025 0.141544780797
0.34700000000000025 0.145238201541
0.34800000000000025 0.139579606863
0.34900000000000025 0.138296553278
0.35000000000000026 0.1303030736
0.35100000000000026 0.131465180167
0.35200000000000026 0.126042819697
0.35300000000000026 0.12304160694
0.35400000000000026 0.127454988728
0.35500000000000026 0.128154790994
0.35600000000000026 0.129165923269
0.35700000000000026 0.128599079384
0.35800000000000026 0.126115421497
0.35900000000000026 0.123951444808
0.36000000000000026 0.126290211696
0.36100000000000027 0.119234528673
0.36200000000000027 0.118418108476
0.36300000000000027 0.11005768409
0.36400000000000027 0.112581213894
0.36500000000000027 0.114045923671
0.36600000000000027 0.110634126444
0.36700000000000027 0.109368006756
0.36800000000000027 0.109756784576
0.36900000000000027 0.107562167021
0.3700000000000003 0.102563934399
0.3710000000000003 0.102222159421
0.3720000000000003 0.104038252242
0.3730000000000003 0.10007915714
0.3740000000000003 0.0987853044798
0.3750000000000003 0.104524839844
0.3760000000000003 0.093549594864
0.3770000000000003 0.0922838821466
0.3780000000000003 0.0958331218118
0.3790000000000003 0.0880456573247
0.3800000000000003 0.094798240444
0.3810000000000003 0.0913607319556
0.3820000000000003 0.083562217045
0.3830000000000003 0.0859646108728
0.3840000000000003 0.0940633605734
0.3850000000000003 0.091333867471
0.3860000000000003 0.090442286944
0.3870000000000003 0.0832064084942
0.3880000000000003 0.0891354403942
0.3890000000000003 0.0795337713312
0.3900000000000003 0.079137575244
0.3910000000000003 0.0802866419778
0.3920000000000003 0.0842210118086
0.3930000000000003 0.0727791102698
0.3940000000000003 0.080751865559
0.3950000000000003 0.071796488964
0.3960000000000003 0.0768137442494
0.3970000000000003 0.0704473757643
0.3980000000000003 0.0689609263696
0.3990000000000003 0.0726150132496
0.4000000000000003 0.0776900544
0.4010000000000003 0.0713341520896
0.4020000000000003 0.0687596432252
0.4030000000000003 0.0739021349907
0.4040000000000003 0.0717784535014
0.4050000000000003 0.070760772099
0.4060000000000003 0.075462580144
0.4070000000000003 0.06573349215
0.4080000000000003 0.0652611441658
0.4090000000000003 0.0627221966319
0.4100000000000003 0.066895892576
0.4110000000000003 0.076062801947
0.4120000000000003 0.0656124655334
0.4130000000000003 0.0635013104018
0.4140000000000003 0.066144758679
0.4150000000000003 0.0606886024438
0.4160000000000003 0.0611331378278
0.4170000000000003 0.0599713791148
0.4180000000000003 0.0584723493292
0.4190000000000003 0.0613076989446
0.4200000000000003 0.058527516096
0.4210000000000003 0.0617908634038
0.4220000000000003 0.053246002975
0.4230000000000003 0.057556585274
0.4240000000000003 0.057431960064
0.4250000000000003 0.055405338775
0.4260000000000003 0.059251331462
0.4270000000000003 0.0509611724715
0.4280000000000003 0.0558958791494
0.4290000000000003 0.0560182229006
0.4300000000000003 0.048495838256
0.4310000000000003 0.0512459316526
0.43200000000000033 0.0499656627994
0.43300000000000033 0.0481047201908
0.43400000000000033 0.051584522789
0.43500000000000033 0.045493141464
0.43600000000000033 0.0457675718898
0.43700000000000033 0.0509042669598
0.43800000000000033 0.051148679904
0.43900000000000033 0.0454335883808
0.44000000000000034 0.050146302976
0.44100000000000034 0.0467811890438
0.44200000000000034 0.045914007711
0.44300000000000034 0.0441561741492
0.44400000000000034 0.041340820837
0.44500000000000034 0.045787586051
0.44600000000000034 0.0429714236588
0.44700000000000034 0.040482724042
0.44800000000000034 0.0413367068262
0.44900000000000034 0.0486176455738
0.45000000000000034 0.044705193975
0.45100000000000035 0.0391283134243
0.45200000000000035 0.0412611050854
0.45300000000000035 0.037943964936
0.45400000000000035 0.0383374028626
0.45500000000000035 0.0387773869438
0.45600000000000035 0.0361201446086
0.45700000000000035 0.0416907694499
0.45800000000000035 0.0358579307782
0.45900000000000035 0.0312712207124
0.46000000000000035 0.037411368796
0.46100000000000035 0.0391242468891
0.46200000000000035 0.031021470711
0.46300000000000036 0.0351872800952
0.46400000000000036 0.0321437272474
0.46500000000000036 0.0341757256298
0.46600000000000036 0.0341118720838
0.46700000000000036 0.030676180651
0.46800000000000036 0.0353909404742
0.46900000000000036 0.0349818033808
0.47000000000000036 0.0333282875
0.47100000000000036 0.0299325069878
0.47200000000000036 0.031575245383
0.47300000000000036 0.0337851171712
0.47400000000000037 0.0306261225356
0.47500000000000037 0.0295996873438
0.47600000000000037 0.029309814716
0.47700000000000037 0.0301848867784
0.47800000000000037 0.030009360456
0.47900000000000037 0.0313541015407
0.48000000000000037 0.0300712896
0.48100000000000037 0.0292121002684
0.4820000000000004 0.0291812325862
0.4830000000000004 0.024936494499
0.4840000000000004 0.030053543219
0.4850000000000004 0.0258515826898
0.4860000000000004 0.0280487096006
0.4870000000000004 0.02846519177
0.4880000000000004 0.0198042431738
0.4890000000000004 0.025378686482
0.4900000000000004 0.020886872839
0.4910000000000004 0.025719485404
0.4920000000000004 0.025144908755
0.4930000000000004 0.0272410072652
0.4940000000000004 0.0249697415568
0.4950000000000004 0.0248200524
0.4960000000000004 0.0206310764314
0.4970000000000004 0.0245032310478
0.4980000000000004 0.0192751660048
0.4990000000000004 0.0229991168056
0.5000000000000003 0.0227687775
0.5010000000000003 0.0198712070078
0.5020000000000003 0.021166700494
0.5030000000000003 0.0238225582926
0.5040000000000003 0.016979445504
0.5050000000000003 0.022208913331
0.5060000000000003 0.0193239560892
0.5070000000000003 0.0205160034959
0.5080000000000003 0.0194956410086
0.5090000000000003 0.0211410096
0.5100000000000003 0.020277060471
0.5110000000000003 0.017468409989
0.5120000000000003 0.0187367528858
0.5130000000000003 0.0176133090398
0.5140000000000003 0.019916743063
0.5150000000000003 0.0187752114438
0.5160000000000003 0.0239706655718
0.5170000000000003 0.0195703633291
0.5180000000000003 0.0152539805916
0.5190000000000003 0.0161282161382
0.5200000000000004 0.017902294384
0.5210000000000004 0.017318326675
0.5220000000000004 0.0180710271616
0.5230000000000004 0.0176492289606
0.5240000000000004 0.0166755249202
0.5250000000000004 0.0188497071
0.5260000000000004 0.0148698520166
0.5270000000000004 0.0171047625428
0.5280000000000004 0.0134386823578
0.5290000000000004 0.0161041107698
0.5300000000000004 0.018371264496
0.5310000000000004 0.0164674218556
0.5320000000000004 0.0147679630706
0.5330000000000004 0.0128273882312
0.5340000000000004 0.013979487744
0.5350000000000004 0.013797373084
0.5360000000000004 0.0167562059366
0.5370000000000004 0.0172894488803
0.5380000000000004 0.0144156542202
0.5390000000000004 0.0142528179047
0.5400000000000004 0.013166530236
0.5410000000000004 0.0125072659526
0.5420000000000004 0.010950346864
0.5430000000000004 0.0107506191226
0.5440000000000004 0.0138033546854
0.5450000000000004 0.0094287616
0.5460000000000004 0.0132377783756
0.5470000000000004 0.00855517522176
0.5480000000000004 0.010477678633
0.5490000000000004 0.0102790279282
0.5500000000000004 0.008429994375
0.5510000000000004 0.010831269276
0.5520000000000004 0.0135085765018
0.5530000000000004 0.00947425639664
0.5540000000000004 0.0102257536282
0.5550000000000004 0.0110099685938
0.5560000000000004 0.0129684283162
0.5570000000000004 0.009848544256
0.5580000000000004 0.0106188076742
0.5590000000000004 0.0116388423154
0.5600000000000004 0.012686371264
0.5610000000000004 0.0102382014398
0.5620000000000004 0.0102747337978
0.5630000000000004 0.0115571461754
0.5640000000000004 0.00809114075136
0.5650000000000004 0.009379136956
0.5660000000000004 0.00789557086144
0.5670000000000004 0.00817744564224
0.5680000000000004 0.00973323055104
0.5690000000000004 0.007723642416
0.5700000000000004 0.0103136256
0.5710000000000004 0.0108629557882
0.5720000000000004 0.00961298001664
0.5730000000000004 0.00679373113536
0.5740000000000004 0.00993994826496
0.5750000000000004 0.0102350391
0.5760000000000004 0.00977488736256
0.5770000000000004 0.010568498176
0.5780000000000004 0.0108680999674
0.5790000000000004 0.00614477979504
0.5800000000000004 0.005894589184
0.5810000000000004 0.00698475820224
0.5820000000000004 0.008080599744
0.5830000000000004 0.00783968933616
0.5840000000000004 0.00489352605696
0.5850000000000004 0.0068102775
0.5860000000000004 0.009547782384
0.5870000000000004 0.00740249987184
0.5880000000000004 0.00605831998464
0.5890000000000004 0.00855029822704
0.5900000000000004 0.007202829504
0.5910000000000004 0.00639720725616
0.5920000000000004 0.00752914427904
0.5930000000000004 0.0069978151
0.5940000000000004 0.00590274869184
0.5950000000000004 0.005922639996
0.5960000000000004 0.0070687984
0.5970000000000004 0.00624519808704
0.5980000000000004 0.00768253546944
0.5990000000000004 0.00514813415616
0.6000000000000004 0.0063081216
0.6010000000000004 0.00632916619456
0.6020000000000004 0.00491193683904
0.6030000000000004 0.00377170161264
0.6040000000000004 0.00841464155904
0.6050000000000004 0.005542438396
0.6060000000000004 0.00410152667904
0.6070000000000004 0.0073321351
0.6080000000000004 0.00618900340736
0.6090000000000004 0.0100193650502
0.6100000000000004 0.005043354096
0.6110000000000004 0.00416948785344
0.6120000000000004 0.00685990819584
0.6130000000000004 0.003000139696
0.6140000000000004 0.00510971330496
0.6150000000000004 0.005727173724
0.6160000000000004 0.00514305555456
0.6170000000000004 0.00576448420336
0.6180000000000004 0.00638937464256
0.6190000000000004 0.00519327223536
0.6200000000000004 0.005210065344
0.6210000000000004 0.006762600576
0.6220000000000004 0.00401313225664
0.6230000000000004 0.00404737428039
0.6240000000000004 0.00434880036864
0.6250000000000004 0.00560475
0.6260000000000004 0.00406491407296
0.6270000000000004 0.00501594863616
0.6280000000000004 0.004718410176
0.6290000000000004 0.00599089097584
0.6300000000000004 0.005064062976
0.6310000000000004 0.00286159903344
0.6320000000000005 0.00287067626496
0.6330000000000005 0.003199100976
0.6340000000000005 0.00544801515456
0.6350000000000005 0.003861669696
0.6360000000000005 0.00290712893184
0.6370000000000005 0.00291627803376
0.6380000000000005 0.00389824410624
0.6390000000000005 0.00456039025344
0.6400000000000005 0.005230034944
0.6410000000000005 0.00360779814384
0.6420000000000005 0.00263362904064
0.6430000000000005 0.00198217373376
0.6440000000000005 0.00463203707904
0.6450000000000005 0.0033215436
0.6460000000000005 0.004992768624
0.6470000000000005 0.00300855962736
0.6480000000000005 0.00134261784576
0.6490000000000005 0.00436910112496
0.6500000000000005 0.00337324
0.6510000000000005 0.00236996300016
0.6520000000000005 0.00203805060096
0.6530000000000005 0.00238454735344
0.6540000000000005 0.00273300258816
0.6550000000000005 0.004108755264
0.6560000000000005 0.003435802624
0.6570000000000005 0.00447747781104
0.6580000000000005 0.003456784576
0.6590000000000005 0.00277495136256
0.6600000000000005 0.003130674624
0.6610000000000005 0.00557469251584
0.6620000000000005 0.003498940096
0.6630000000000005 0.003509518896
0.6640000000000005 0.00281721962496
0.6650000000000005 0.002120132784
0.6660000000000005 0.00248043612096
0.6670000000000005 0.00213290463936
0.6680000000000005 0.003562652416
0.6690000000000005 0.001788453756
0.6700000000000005 0.002868363264
0.6710000000000005 0.00215856341184
0.6720000000000005 0.003605446656
0.6730000000000005 0.00253285143664
0.6740000000000005 0.00290271461376
0.6750000000000005 0.0032745951
0.6760000000000005 0.00255548290816
0.6770000000000005 0.00256304910064
0.6780000000000005 0.00257062647744
0.6790000000000005 0.00221034120384
0.6800000000000005 0.002954625024
0.6810000000000005 0.00296332148736
0.6820000000000005 0.00111562782144
0.6830000000000005 0.00223646022336
0.6840000000000005 0.00224301394944
0.6850000000000005 0.001500318784
0.6860000000000005 0.00338219227584
0.6870000000000005 0.00226273265856
0.6880000000000005 0.00302455455744
0.6890000000000005 0.001896985116
0.6900000000000005 0.001522301184
0.6910000000000005 0.00305098899456
0.6920000000000005 0.001913540544
0.6930000000000005 0.00153556736256
0.6940000000000005 0.00038523173824
0.6950000000000005 0.0019301679
0.6960000000000005 0.00232240656384
0.6970000000000005 0.001941292764
0.6980000000000005 0.001946867184
0.6990000000000005 0.001952449596
0.7000000000000005 0.00195804
0.7010000000000005 0.00078592710336
0.7020000000000005 0.00275583881664
0.7030000000000005 0.001974859164
0.7040000000000005 0.00118876471296
0.7050000000000005 0.001589207616
0.7060000000000005 0.00159371920384
0.7070000000000005 0.00319391514624
0.7080000000000005 0.00240317991936
0.7090000000000005 0.00361278845424
0.7100000000000005 0.002819007856
0.7110000000000005 0.00040433591664
0.7120000000000005 0.00162092302336
0.7130000000000005 0.002031442524
0.7140000000000005 0.00081534733056
0.7150000000000005 0.000817632816
0.7160000000000005 0.002048573376
0.7170000000000005 0.00164376873216
0.7180000000000005 0.00288289269184
0.7190000000000005 0.00123996197616
0.7200000000000005 0.0
0.7210000000000005 0.00124686982896
0.7220000000000005 0.00166677431296
0.7230000000000005 0.00125379687024
0.7240000000000005 0.00083834612736
0.7250000000000005 0.0012607431
0.7260000000000005 0.00168529388544
0.7270000000000005 0.00168993976576
0.7280000000000005 0.00127119842304
0.7290000000000005 0.00127469312496
0.7300000000000005 0.000426234736
0.7310000000000005 0.00128169692016
0.7320000000000005 0.00042857346816
0.7330000000000005 0.0
0.7340000000000005 0.00086166479616
0.7350000000000005 0.0
0.7360000000000005 0.00129929035776
0.7370000000000005 0.0
0.7380000000000005 0.00130636131264
0.7390000000000005 0.00087344408256
0.7400000000000005 0.000875809536
0.7410000000000005 0.00087817818816
0.7420000000000005 0.0
0.7430000000000005 0.00088292508864
0.7440000000000005 0.00088530333696
0.7450000000000006 0.000887684784
0.7460000000000006 0.00133483701696
0.7470000000000006 0.00133841806704
0.7480000000000006 0.00089484831744
0.7490000000000006 0.00044871103984
0.7500000000000006 0.00134919
0.7510000000000006 0.00045111055984
0.7520000000000006 0.00271116189696
0.7530000000000006 0.00136000510704
0.7540000000000006 0.00045472183744
0.7550000000000006 0.000455928796
0.7560000000000006 0.00137086338816
0.7570000000000006 0.00091651164864
0.7580000000000006 0.00137812622784
0.7590000000000006 0.00046077262704
0.7600000000000006 0.000923790336
0.7610000000000006 0.002314167516
0.7620000000000006 0.00139270947264
0.7630000000000006 0.00046564205296
0.7640000000000006 0.00093354003456
0.7650000000000006 0.001403697276
0.7660000000000006 0.00093843407616
0.7670000000000006 0.00047053707376
0.7680000000000006 0.00047176482816
0.7690000000000006 0.00094579912896
0.7700000000000006 0.000948260544
0.7710000000000006 0.00095072515776
0.7720000000000006 0.00095319297024
0.7730000000000006 0.00047792759536
0.7740000000000006 0.00047916494784
0.7750000000000006 0.0014406351
0.7760000000000006 0.00096309620736
0.7770000000000006 0.00096558001344
0.7780000000000006 0.00048413035456
0.7790000000000006 0.00048537570544
0.7800000000000006 0.000486622656
0.7810000000000006 0.0
0.7820000000000006 0.0
0.7830000000000006 0.00098055002304
0.7840000000000006 0.0
0.7850000000000006 0.000985565616
0.7860000000000006 0.0
0.7870000000000006 0.00049539610096
0.7880000000000006 0.0
0.7890000000000006 0.00049791719664
0.7900000000000006 0.0
0.7910000000000006 0.00050044469104
0.7920000000000006 0.0
0.7930000000000006 0.00100575593664
0.7940000000000006 0.00151213857216
0.7950000000000006 0.000505518876
0.7960000000000006 0.0
0.7970000000000006 0.00050806556656
0.7980000000000006 0.00101847884544
0.7990000000000006 0.0
0.8000000000000006 0.0010235904
0.8010000000000006 0.00102615097536
0.8020000000000006 0.0
0.8030000000000006 0.00051574403056
0.8040000000000006 0.0
0.8050000000000006 0.000518316316
0.8060000000000006 0.00103900183296
0.8070000000000006 0.00104158160064
0.8080000000000006 0.0
0.8090000000000006 0.00209266372864
0.8100000000000006 0.0
0.8110000000000006 0.0
0.8120000000000006 0.00105452841984
0.8130000000000006 0.0
0.8140000000000006 0.0
0.8150000000000006 0.0
0.8160000000000006 0.00053257826304
0.8170000000000006 0.0
0.8180000000000006 0.00107017016064
0.8190000000000006 0.0
0.8200000000000006 0.000537812416
0.8210000000000006 0.00053912495344
0.8220000000000006 0.00108066196224
0.8230000000000006 0.00054175482736
0.8240000000000006 0.0
0.8250000000000006 0.0
0.8260000000000006 0.0
0.8270000000000006 0.00109384868544
0.8280000000000006 0.0
0.8290000000000006 0.0
0.8300000000000006 0.0
0.8310000000000006 0.00055233831024
0.8320000000000006 0.00055366844416
0.8330000000000006 0.00055500017776
0.8340000000000006 0.00055633351104
0.8350000000000006 0.0
0.8360000000000006 0.0
0.8370000000000006 0.0
0.8380000000000006 0.0
0.8390000000000006 0.0
0.8400000000000006 0.000564367104
0.8410000000000006 0.00056571163504
0.8420000000000006 0.0
0.8430000000000006 0.00056840549616
0.8440000000000006 0.0
0.8450000000000006 0.0
0.8460000000000006 0.00057245828544
0.8470000000000006 0.00057381241456
0.8480000000000006 0.00057516814336
0.8490000000000006 0.0
0.8500000000000006 0.0023101504
0.8510000000000006 0.0
0.8520000000000006 0.00058060705536
0.8530000000000006 0.00058197078256
0.8540000000000006 0.0
0.8550000000000006 0.0
0.8560000000000006 0.00058607156224
0.8570000000000007 0.0
0.8580000000000007 0.0
0.8590000000000007 0.00118013735616
0.8600000000000007 0.0
0.8610000000000007 0.0
0.8620000000000007 0.0
0.8630000000000007 0.0
0.8640000000000007 0.0
0.8650000000000007 0.0
0.8660000000000007 0.0
0.8670000000000007 0.0
0.8680000000000007 0.0
0.8690000000000007 0.00060400797424
0.8700000000000007 0.0
0.8710000000000007 0.0
0.8720000000000007 0.0
0.8730000000000007 0.0
0.8740000000000007 0.0
0.8750000000000007 0.0
0.8760000000000007 0.00061377801984
0.8770000000000007 0.0
0.8780000000000007 0.00061658385856
0.8790000000000007 0.0
0.8800000000000007 0.0
0.8810000000000007 0.0
0.8820000000000007 0.0
0.8830000000000007 0.00062362644976
0.8840000000000007 0.00062503976704
0.8850000000000007 0.0
0.8860000000000007 0.0
0.8870000000000007 0.0
0.8880000000000007 0.0
0.8890000000000007 0.00063213034864
0.8900000000000007 0.0
0.8910000000000007 0.0
0.8920000000000007 0.00063640389376
0.8930000000000007 0.0
0.8940000000000007 0.0
0.8950000000000007 0.001921306524
0.8960000000000007 0.0
0.8970000000000007 0.0
0.8980000000000007 0.00064499417536
0.8990000000000007 0.0
0.9000000000000007 0.0
0.9010000000000007 0.0
0.9020000000000007 0.00065075302336
0.9030000000000007 0.0
0.9040000000000007 0.0
0.9050000000000007 0.0
0.9060000000000007 0.0
0.9070000000000007 0.0
0.9080000000000007 0.0
0.9090000000000007 0.0
0.9100000000000007 0.0
0.9110000000000007 0.0
0.9120000000000007 0.0
0.9130000000000007 0.0
0.9140000000000007 0.0
0.9150000000000007 0.0
0.9160000000000007 0.0
0.9170000000000007 0.00067257665776
0.9180000000000007 0.0
0.9190000000000007 0.0
0.9200000000000007 0.0
0.9210000000000007 0.0
0.9220000000000007 0.0
0.9230000000000007 0.0
0.9240000000000007 0.0
0.9250000000000007 0.0
0.9260000000000007 0.0
0.9270000000000007 0.0
0.9280000000000007 0.0
0.9290000000000007 0.0
0.9300000000000007 0.0
0.9310000000000007 0.0
0.9320000000000007 0.0
0.9330000000000007 0.0
0.9340000000000007 0.0
0.9350000000000007 0.0
0.9360000000000007 0.0
0.9370000000000007 0.0
0.9380000000000007 0.0
0.9390000000000007 0.0
0.9400000000000007 0.0
0.9410000000000007 0.0
0.9420000000000007 0.0
0.9430000000000007 0.00071125692016
0.9440000000000007 0.0
0.9450000000000007 0.0
0.9460000000000007 0.0
0.9470000000000007 0.0
0.9480000000000007 0.0
0.9490000000000007 0.0
0.9500000000000007 0.0
0.9510000000000007 0.0
0.9520000000000007 0.0
0.9530000000000007 0.0
0.9540000000000007 0.0
0.9550000000000007 0.0
0.9560000000000007 0.0
0.9570000000000007 0.0
0.9580000000000007 0.0
0.9590000000000007 0.0
0.9600000000000007 0.0
0.9610000000000007 0.0
0.9620000000000007 0.0
0.9630000000000007 0.0
0.9640000000000007 0.0
0.9650000000000007 0.000744831004
0.9660000000000007 0.0
0.9670000000000007 0.0
0.9680000000000007 0.00074946927616
0.9690000000000007 0.0
0.9700000000000008 0.0
0.9710000000000008 0.0
0.9720000000000008 0.0
0.9730000000000008 0.0
0.9740000000000008 0.0
0.9750000000000008 0.0
0.9760000000000008 0.0
0.9770000000000008 0.0
0.9780000000000008 0.0
0.9790000000000008 0.0
0.9800000000000008 0.0
0.9810000000000008 0.0
0.9820000000000008 0.0
0.9830000000000008 0.0
0.9840000000000008 0.0
0.9850000000000008 0.0
0.9860000000000008 0.0
0.9870000000000008 0.0
0.9880000000000008 0.0
0.9890000000000008 0.0
0.9900000000000008 0.0
0.9910000000000008 0.0
0.9920000000000008 0.0
0.9930000000000008 0.0
0.9940000000000008 0.0
0.9950000000000008 0.0
0.9960000000000008 0.0
0.9970000000000008 0.0
0.9980000000000008 0.0
0.9990000000000008 0.0
1.0000000000000007 0.00159967980794
