0.0 -0.15625
0.001 -1.875e-05
0.002 -0.00015625
0.003 0.000125
0.004 -3.75e-05
0.005 6.25e-05
0.006 -5e-05
0.007 -6.25e-05
0.008 -2.5e-05
0.009000000000000001 0.00010625
0.010000000000000002 0.0001375
0.011000000000000003 -0.0004125
0.012000000000000004 -5.625e-05
0.013000000000000005 -0.00068125
0.014000000000000005 -4.375e-05
0.015000000000000006 0.00013125
0.016000000000000007 0.0004375
0.017000000000000008 0.0001875
0.01800000000000001 -0.00065
0.01900000000000001 0.00045
0.02000000000000001 -0.000225
0.02100000000000001 0.0002375
0.022000000000000013 0.00025
0.023000000000000013 5.625e-05
0.024000000000000014 -4.375e-05
0.025000000000000015 0.0005625
0.026000000000000016 0.000675
0.027000000000000017 -0.00060625
0.028000000000000018 -0.00030625
0.02900000000000002 0.000325
0.03000000000000002 0.0006625
0.03100000000000002 0.0006625
0.03200000000000002 -0.0003875
0.03300000000000002 0.00066875
0.03400000000000002 -0.00079375
0.035000000000000024 0.0003375
0.036000000000000025 0.00023125
0.037000000000000026 -0.00023125
0.03800000000000003 -0.00069375
0.03900000000000003 0.00023125
0.04000000000000003 0.00025
0.04100000000000003 0.00124375
0.04200000000000003 0.00025625
0.04300000000000003 -0.0010375
0.04400000000000003 -0.00099375
0.04500000000000003 -6.25e-06
0.046000000000000034 0.00031875
0.047000000000000035 0.000775
0.048000000000000036 0.000525
0.04900000000000004 -0.00086875
0.05000000000000004 -0.00015625
0.05100000000000004 -0.0014875
0.05200000000000004 0.00076875
0.05300000000000004 -0.00084375
0.05400000000000004 0.00051875
0.05500000000000004 -0.00176875
0.05600000000000004 -0.00144375
0.057000000000000044 0.00075
0.058000000000000045 -0.00120625
0.059000000000000045 0.0001125
0.060000000000000046 -0.00046875
0.06100000000000005 -0.0037125
0.06200000000000005 0.001725
0.06300000000000004 0.00016875
0.06400000000000004 -0.0016625
0.06500000000000004 -0.001025
0.06600000000000004 -0.0011125
0.06700000000000005 -8.125e-05
0.06800000000000005 -0.0007375
0.06900000000000005 -0.00055
0.07000000000000005 -9.375e-05
0.07100000000000005 -0.00176875
0.07200000000000005 0.00178125
0.07300000000000005 -0.0031
0.07400000000000005 0.00135625
0.07500000000000005 0.00061875
0.07600000000000005 -0.0012375
0.07700000000000005 0.00155
0.07800000000000006 0.00198125
0.07900000000000006 -0.0009
0.08000000000000006 -0.0011375
0.08100000000000006 1.875e-05
0.08200000000000006 0.0007
0.08300000000000006 0.002025
0.08400000000000006 -0.00346875
0.08500000000000006 0.0020875
0.08600000000000006 0.006275
0.08700000000000006 0.0020125
0.08800000000000006 0.00118125
0.08900000000000007 -0.00414375
0.09000000000000007 -0.00250625
0.09100000000000007 -0.00380625
0.09200000000000007 -0.00245625
0.09300000000000007 -0.00324375
0.09400000000000007 -0.00051875
0.09500000000000007 0.001825
0.09600000000000007 0.00051875
0.09700000000000007 -0.00266875
0.09800000000000007 6.875e-05
0.09900000000000007 0.00375625
0.10000000000000007 -0.00165
0.10100000000000008 -0.00339375
0.10200000000000008 0.00426875
0.10300000000000008 0.00016875
0.10400000000000008 -0.00116875
0.10500000000000008 0.0009375
0.10600000000000008 0.00014375
0.10700000000000008 0.00136875
0.10800000000000008 -0.0007125
0.10900000000000008 -0.00635
0.11000000000000008 0.0013375
0.11100000000000008 0.00353125
0.11200000000000009 -0.00676875
0.11300000000000009 -0.00571875
0.11400000000000009 0.00223125
0.11500000000000009 -0.0018375
0.11600000000000009 -0.0018
0.11700000000000009 -0.005925
0.11800000000000009 0.0026125
0.11900000000000009 0.006525
0.12000000000000009 -0.0066125
0.1210000000000001 0.0058125
0.1220000000000001 -0.001925
0.1230000000000001 -0.00781875
0.1240000000000001 0.0022875
0.12500000000000008 -0.004775
0.12600000000000008 0.002125
0.12700000000000009 -0.0015875
0.12800000000000009 -0.00430625
0.1290000000000001 0.0005875
0.1300000000000001 0.0029375
0.1310000000000001 0.000325
0.1320000000000001 -0.0101875
0.1330000000000001 0.00346875
0.1340000000000001 0.00506875
0.1350000000000001 -0.01415625
0.1360000000000001 0.00499375
0.1370000000000001 0.00485
0.1380000000000001 0.00303125
0.1390000000000001 0.00294375
0.1400000000000001 -0.00170625
0.1410000000000001 -0.00316875
0.1420000000000001 0.0171
0.1430000000000001 0.00516875
0.1440000000000001 0.00853125
0.1450000000000001 -0.00700625
0.1460000000000001 -0.0193125
0.1470000000000001 -0.0209625
0.1480000000000001 0.016525
0.1490000000000001 -0.0058625
0.1500000000000001 0.00769375
0.1510000000000001 0.007275
0.1520000000000001 0.01251875
0.1530000000000001 -0.00830625
0.1540000000000001 0.00074375
0.1550000000000001 0.01361875
0.1560000000000001 0.02688125
0.1570000000000001 -0.00470625
0.1580000000000001 0.00593125
0.1590000000000001 -0.01235
0.16000000000000011 0.0236375
0.16100000000000012 -0.01435625
0.16200000000000012 0.020025
0.16300000000000012 0.02489375
0.16400000000000012 -0.0239625
0.16500000000000012 0.05874375
0.16600000000000012 0.03535625
0.16700000000000012 -0.0299
0.16800000000000012 0.0904375
0.16900000000000012 0.0153625
0.17000000000000012 -0.02468125
0.17100000000000012 0.01318125
0.17200000000000013 -0.0177
0.17300000000000013 -0.02909375
0.17400000000000013 0.04098125
0.17500000000000013 0.012975
0.17600000000000013 0.02771875
0.17700000000000013 -0.0738125
0.17800000000000013 0.003825
0.17900000000000013 -0.09923125
0.18000000000000013 0.0984375
0.18100000000000013 0.0326125
0.18200000000000013 -0.10288125
0.18300000000000013 0.02556875
0.18400000000000014 0.00894375
0.18500000000000014 0.1142125
0.18600000000000014 0.1387625
0.18700000000000014 -0.0921625
0.18800000000000014 0.17959375
0.18900000000000014 -0.026725
0.19000000000000014 0.02368125
0.19100000000000014 0.02586875
0.19200000000000014 -0.0889625
0.19300000000000014 0.18735625
0.19400000000000014 0.0299375
0.19500000000000015 -0.1126875
0.19600000000000015 0.0426125
0.19700000000000015 0.038225
0.19800000000000015 -0.052625
0.19900000000000015 0.0680375
0.20000000000000015 0.054
0.20100000000000015 0.04910625
0.20200000000000015 0.06584375
0.20300000000000015 0.0164
0.20400000000000015 -0.12506875
0.20500000000000015 0.13406875
0.20600000000000016 -0.02030625
0.20700000000000016 0.02738125
0.20800000000000016 0.04713125
0.20900000000000016 -0.091675
0.21000000000000016 -0.829475
0.21100000000000016 -0.45924375
0.21200000000000016 -0.51438125
0.21300000000000016 -0.0389375
0.21400000000000016 0.290275
0.21500000000000016 0.29414375
0.21600000000000016 0.32770625
0.21700000000000016 0.47875
0.21800000000000017 -0.662725
0.21900000000000017 0.34129375
0.22000000000000017 -0.8943
0.22100000000000017 0.891125
0.22200000000000017 0.77098125
0.22300000000000017 0.55475
0.22400000000000017 0.90194375
0.22500000000000017 0.90590625
0.22600000000000017 0.246375
0.22700000000000017 -0.90813125
0.22800000000000017 0.392275
0.22900000000000018 0.59546875
0.23000000000000018 -0.4181875
0.23100000000000018 0.6356
0.23200000000000018 -0.923425
0.23300000000000018 -0.92435
0.23400000000000018 -0.92429375
0.23500000000000018 -0.925325
0.23600000000000018 -0.92723125
0.23700000000000018 -0.93245625
0.23800000000000018 -0.93183125
0.23900000000000018 -0.93371875
0.24000000000000019 -0.93306875
0.2410000000000002 -0.9345
0.2420000000000002 -0.93770625
0.2430000000000002 -0.93986875
0.2440000000000002 -0.9370375
0.2450000000000002 -0.94034375
0.2460000000000002 -0.9432125
0.2470000000000002 -0.94326875
0.2480000000000002 -0.94531875
0.2490000000000002 -0.94766875
0.25000000000000017 -0.94666875
0.25100000000000017 -0.94885625
0.25200000000000017 -0.94866875
0.25300000000000017 -0.9501625
0.25400000000000017 -0.9504875
0.25500000000000017 -0.95335625
0.25600000000000017 -0.95395
0.2570000000000002 -0.9536375
0.2580000000000002 -0.95540625
0.2590000000000002 -0.9563
0.2600000000000002 -0.95771875
0.2610000000000002 -0.9576375
0.2620000000000002 -0.95913125
0.2630000000000002 -0.95943125
0.2640000000000002 -0.9620125
0.2650000000000002 -0.960625
0.2660000000000002 -0.961625
0.2670000000000002 -0.96174375
0.2680000000000002 -0.96269375
0.2690000000000002 -0.9642
0.2700000000000002 -0.96535
0.2710000000000002 -0.96613125
0.2720000000000002 -0.96718125
0.2730000000000002 -0.96703125
0.2740000000000002 -0.96784375
0.2750000000000002 -0.96693125
0.2760000000000002 -0.969275
0.2770000000000002 -0.9702125
0.2780000000000002 -0.97095625
0.2790000000000002 -0.97029375
0.2800000000000002 -0.97029375
0.2810000000000002 -0.9712375
0.2820000000000002 -0.97256875
0.2830000000000002 -0.97170625
0.2840000000000002 -0.97243125
0.2850000000000002 -0.97359375
0.2860000000000002 -0.97423125
0.2870000000000002 -0.9745
0.2880000000000002 -0.9753625
0.2890000000000002 -0.97594375
0.2900000000000002 -0.97578125
0.2910000000000002 -0.9771625
0.2920000000000002 -0.9777625
0.2930000000000002 -0.97725
0.2940000000000002 -0.97754375
0.2950000000000002 -0.97808125
0.2960000000000002 -0.97833125
0.2970000000000002 -0.9785
0.2980000000000002 -0.979225
0.2990000000000002 -0.9799875
0.3000000000000002 -0.980225
0.3010000000000002 -0.98081875
0.3020000000000002 -0.981275
0.3030000000000002 -0.9808375
0.3040000000000002 -0.98156875
0.3050000000000002 -0.982475
0.3060000000000002 -0.98218125
0.3070000000000002 -0.98223125
0.3080000000000002 -0.982125
0.3090000000000002 -0.9828375
0.3100000000000002 -0.9838875
0.3110000000000002 -0.9837375
0.3120000000000002 -0.983725
0.3130000000000002 -0.984675
0.3140000000000002 -0.98500625
0.3150000000000002 -0.985075
0.3160000000000002 -0.985525
0.3170000000000002 -0.98494375
0.3180000000000002 -0.9853125
0.31900000000000023 -0.9858
0.32000000000000023 -0.98608125
0.32100000000000023 -0.986025
0.32200000000000023 -0.98651875
0.32300000000000023 -0.9867375
0.32400000000000023 -0.98704375
0.32500000000000023 -0.9874125
0.32600000000000023 -0.9875875
0.32700000000000023 -0.9879375
0.32800000000000024 -0.9878125
0.32900000000000024 -0.98849375
0.33000000000000024 -0.98774375
0.33100000000000024 -0.98841875
0.33200000000000024 -0.98870625
0.33300000000000024 -0.98915
0.33400000000000024 -0.98955
0.33500000000000024 -0.98943125
0.33600000000000024 -0.990575
0.33700000000000024 -0.98968125
0.33800000000000024 -0.99024375
0.33900000000000025 -0.99000625
0.34000000000000025 -0.9901625
0.34100000000000025 -0.9906375
0.34200000000000025 -0.9906625
0.34300000000000025 -0.9905
0.34400000000000025 -0.99108125
0.34500000000000025 -0.9903875
0.34600000000000025 -0.99123125
0.34700000000000025 -0.99094375
0.34800000000000025 -0.99123125
0.34900000000000025 -0.9914875
0.35000000000000026 -0.99205
0.35100000000000026 -0.991975
0.35200000000000026 -0.9923375
0.35300000000000026 -0.992375
0.35400000000000026 -0.99233125
0.35500000000000026 -0.99241875
0.35600000000000026 -0.99226875
0.35700000000000026 -0.99251875
0.35800000000000026 -0.99268125
0.35900000000000026 -0.993
0.36000000000000026 -0.99278125
0.36100000000000027 -0.993225
0.36200000000000027 -0.993175
0.36300000000000027 -0.99351875
0.36400000000000027 -0.993575
0.36500000000000027 -0.99365
0.36600000000000027 -0.99366875
0.36700000000000027 -0.99386875
0.36800000000000027 -0.9938625
0.36900000000000027 -0.99420625
0.3700000000000003 -0.994275
0.3710000000000003 -0.9942375
0.3720000000000003 -0.99424375
0.3730000000000003 -0.99455625
0.3740000000000003 -0.9948625
0.3750000000000003 -0.9944
0.3760000000000003 -0.99496875
0.3770000000000003 -0.99500625
0.3780000000000003 -0.99504375
0.3790000000000003 -0.995325
0.3800000000000003 -0.99494375
0.3810000000000003 -0.99515625
0.3820000000000003 -0.99570625
0.3830000000000003 -0.9954625
0.3840000000000003 -0.99539375
0.3850000000000003 -0.9954125
0.3860000000000003 -0.99531875
0.3870000000000003 -0.9956625
0.3880000000000003 -0.99550625
0.3890000000000003 -0.99603125
0.3900000000000003 -0.9960375
0.3910000000000003 -0.99595625
0.3920000000000003 -0.99588125
0.3930000000000003 -0.99626875
0.3940000000000003 -0.99599375
0.3950000000000003 -0.9964875
0.3960000000000003 -0.99625625
0.3970000000000003 -0.99641875
0.3980000000000003 -0.99664375
0.3990000000000003 -0.99649375
0.4000000000000003 -0.99629375
0.4010000000000003 -0.9965875
0.4020000000000003 -0.9966375
0.4030000000000003 -0.9966
0.4040000000000003 -0.99654375
0.4050000000000003 -0.9967625
0.4060000000000003 -0.9966
0.4070000000000003 -0.997
0.4080000000000003 -0.99705
0.4090000000000003 -0.9971125
0.4100000000000003 -0.9969375
0.4110000000000003 -0.99665
0.4120000000000003 -0.99710625
0.4130000000000003 -0.99711875
0.4140000000000003 -0.997025
0.4150000000000003 -0.9973125
0.4160000000000003 -0.99721875
0.4170000000000003 -0.99741875
0.4180000000000003 -0.9974
0.4190000000000003 -0.9973625
0.4200000000000003 -0.9975375
0.4210000000000003 -0.99744375
0.4220000000000003 -0.997675
0.4230000000000003 -0.99750625
0.4240000000000003 -0.99754375
0.4250000000000003 -0.9977
0.4260000000000003 -0.99746875
0.4270000000000003 -0.9978125
0.4280000000000003 -0.9976125
0.4290000000000003 -0.9977375
0.4300000000000003 -0.99793125
0.4310000000000003 -0.9979125
0.43200000000000033 -0.9979125
0.43300000000000033 -0.9980125
0.43400000000000033 -0.9979875
0.43500000000000033 -0.99808125
0.43600000000000033 -0.99813125
0.43700000000000033 -0.9979375
0.43800000000000033 -0.99798125
0.43900000000000033 -0.9982
0.44000000000000034 -0.998
0.44100000000000034 -0.99815
0.44200000000000034 -0.99825
0.44300000000000034 -0.99824375
0.44400000000000034 -0.99839375
0.44500000000000034 -0.99823125
0.44600000000000034 -0.998275
0.44700000000000034 -0.99840625
0.44800000000000034 -0.9984125
0.44900000000000034 -0.9981625
0.45000000000000034 -0.99838125
0.45100000000000035 -0.998525
0.45200000000000035 -0.99844375
0.45300000000000035 -0.99864375
0.45400000000000035 -0.99855625
0.45500000000000035 -0.9985375
0.45600000000000035 -0.9986625
0.45700000000000035 -0.998475
0.45800000000000035 -0.9987
0.45900000000000035 -0.9988625
0.46000000000000035 -0.99864375
0.46100000000000035 -0.99858125
0.46200000000000035 -0.99888125
0.46300000000000036 -0.99868125
0.46400000000000036 -0.99885625
0.46500000000000036 -0.9987625
0.46600000000000036 -0.99880625
0.46700000000000036 -0.9988875
0.46800000000000036 -0.998775
0.46900000000000036 -0.99879375
0.47000000000000036 -0.998825
0.47100000000000036 -0.99895625
0.47200000000000036 -0.998925
0.47300000000000036 -0.998875
0.47400000000000037 -0.99893125
0.47500000000000037 -0.9989875
0.47600000000000037 -0.998975
0.47700000000000037 -0.9989875
0.47800000000000037 -0.99899375
0.47900000000000037 -0.99895625
0.48000000000000037 -0.999
0.48100000000000037 -0.99905625
0.4820000000000004 -0.9990125
0.4830000000000004 -0.99916875
0.4840000000000004 -0.999025
0.4850000000000004 -0.99915
0.4860000000000004 -0.99905625
0.4870000000000004 -0.99909375
0.4880000000000004 -0.99935625
0.4890000000000004 -0.999175
0.4900000000000004 -0.999325
0.4910000000000004 -0.99915625
0.4920000000000004 -0.9991875
0.4930000000000004 -0.99911875
0.4940000000000004 -0.9992125
0.4950000000000004 -0.9991875
0.4960000000000004 -0.9993375
0.4970000000000004 -0.999225
0.4980000000000004 -0.9993875
0.4990000000000004 -0.999275
0.5000000000000003 -0.99931875
0.5010000000000003 -0.99936875
0.5020000000000003 -0.9993625
0.5030000000000003 -0.9992875
0.5040000000000003 -0.99946875
0.5050000000000003 -0.99933125
0.5060000000000003 -0.99941875
0.5070000000000003 -0.99940625
0.5080000000000003 -0.99941875
0.5090000000000003 -0.999375
0.5100000000000003 -0.9994125
0.5110000000000003 -0.99948125
0.5120000000000003 -0.99943125
0.5130000000000003 -0.999475
0.5140000000000003 -0.9994125
0.5150000000000003 -0.99944375
0.5160000000000003 -0.99930625
0.5170000000000003 -0.99945
0.5180000000000003 -0.99955625
0.5190000000000003 -0.999525
0.5200000000000004 -0.99949375
0.5210000000000004 -0.99950625
0.5220000000000004 -0.99949375
0.5230000000000004 -0.9994875
0.5240000000000004 -0.999525
0.5250000000000004 -0.99945625
0.5260000000000004 -0.9996
0.5270000000000004 -0.999525
0.5280000000000004 -0.99961875
0.5290000000000004 -0.99954375
0.5300000000000004 -0.99950625
0.5310000000000004 -0.99954375
0.5320000000000004 -0.99959375
0.5330000000000004 -0.99965
0.5340000000000004 -0.999625
0.5350000000000004 -0.99961875
0.5360000000000004 -0.9995375
0.5370000000000004 -0.99953125
0.5380000000000004 -0.99961875
0.5390000000000004 -0.99961875
0.5400000000000004 -0.99965
0.5410000000000004 -0.9996625
0.5420000000000004 -0.99971875
0.5430000000000004 -0.9997125
0.5440000000000004 -0.99963125
0.5450000000000004 -0.99975
0.5460000000000004 -0.99966875
0.5470000000000004 -0.999775
0.5480000000000004 -0.999725
0.5490000000000004 -0.99973125
0.5500000000000004 -0.9997875
0.5510000000000004 -0.99971875
0.5520000000000004 -0.9996625
0.5530000000000004 -0.99976875
0.5540000000000004 -0.9997375
0.5550000000000004 -0.999725
0.5560000000000004 -0.99966875
0.5570000000000004 -0.99975
0.5580000000000004 -0.99973125
0.5590000000000004 -0.99970625
0.5600000000000004 -0.9996875
0.5610000000000004 -0.99974375
0.5620000000000004 -0.99974375
0.5630000000000004 -0.9997125
0.5640000000000004 -0.9998
0.5650000000000004 -0.99976875
0.5660000000000004 -0.99980625
0.5670000000000004 -0.9998
0.5680000000000004 -0.9997625
0.5690000000000004 -0.9998125
0.5700000000000004 -0.99975
0.5710000000000004 -0.9997375
0.5720000000000004 -0.99976875
0.5730000000000004 -0.9998375
0.5740000000000004 -0.9997625
0.5750000000000004 -0.99975625
0.5760000000000004 -0.99978125
0.5770000000000004 -0.99975
0.5780000000000004 -0.99974375
0.5790000000000004 -0.99986875
0.5800000000000004 -0.9998625
0.5810000000000004 -0.9998375
0.5820000000000004 -0.9998125
0.5830000000000004 -0.99981875
0.5840000000000004 -0.9998875
0.5850000000000004 -0.99984375
0.5860000000000004 -0.99978125
0.5870000000000004 -0.99983125
0.5880000000000004 -0.9998625
0.5890000000000004 -0.99980625
0.5900000000000004 -0.9998375
0.5910000000000004 -0.99985625
0.5920000000000004 -0.99983125
0.5930000000000004 -0.99984375
0.5940000000000004 -0.99986875
0.5950000000000004 -0.99986875
0.5960000000000004 -0.99984375
0.5970000000000004 -0.9998625
0.5980000000000004 -0.99983125
0.5990000000000004 -0.9998875
0.6000000000000004 -0.9998625
0.6010000000000004 -0.9998625
0.6020000000000004 -0.99989375
0.6030000000000004 -0.99991875
0.6040000000000004 -0.99981875
0.6050000000000004 -0.99988125
0.6060000000000004 -0.9999125
0.6070000000000004 -0.99984375
0.6080000000000004 -0.99988125
0.6090000000000004 -0.9997875
0.6100000000000004 -0.99989375
0.6110000000000004 -0.9999125
0.6120000000000004 -0.99985625
0.6130000000000004 -0.9999375
0.6140000000000004 -0.99989375
0.6150000000000004 -0.99988125
0.6160000000000004 -0.99989375
0.6170000000000004 -0.99988125
0.6180000000000004 -0.99986875
0.6190000000000004 -0.99989375
0.6200000000000004 -0.99989375
0.6210000000000004 -0.999875
0.6220000000000004 -0.99991875
0.6230000000000004 -0.999925
0.6240000000000004 -0.9999125
0.6250000000000004 -0.9998875
0.6260000000000004 -0.99991875
0.6270000000000004 -0.9999
0.6280000000000004 -0.99990625
0.6290000000000004 -0.99988125
0.6300000000000004 -0.9999
0.6310000000000004 -0.99994375
0.6320000000000005 -0.99994375
0.6330000000000005 -0.9999375
0.6340000000000005 -0.99989375
0.6350000000000005 -0.999925
0.6360000000000005 -0.99994375
0.6370000000000005 -0.99994375
0.6380000000000005 -0.999925
0.6390000000000005 -0.9999125
0.6400000000000005 -0.9999125
0.6410000000000005 -0.99993125
0.6420000000000005 -0.99995
0.6430000000000005 -0.9999625
0.6440000000000005 -0.9999125
0.6450000000000005 -0.9999375
0.6460000000000005 -0.99990625
0.6470000000000005 -0.99994375
0.6480000000000005 -0.999975
0.6490000000000005 -0.99991875
0.6500000000000005 -0.9999375
0.6510000000000005 -0.99995625
0.6520000000000005 -0.9999625
0.6530000000000005 -0.99995625
0.6540000000000005 -0.99995
0.6550000000000005 -0.999925
0.6560000000000005 -0.9999375
0.6570000000000005 -0.99991875
0.6580000000000005 -0.9999375
0.6590000000000005 -0.99995
0.6600000000000005 -0.99994375
0.6610000000000005 -0.9999
0.6620000000000005 -0.9999375
0.6630000000000005 -0.9999375
0.6640000000000005 -0.99995
0.6650000000000005 -0.9999625
0.6660000000000005 -0.99995625
0.6670000000000005 -0.9999625
0.6680000000000005 -0.9999375
0.6690000000000005 -0.99996875
0.6700000000000005 -0.99995
0.6710000000000005 -0.9999625
0.6720000000000005 -0.9999375
0.6730000000000005 -0.99995625
0.6740000000000005 -0.99995
0.6750000000000005 -0.99994375
0.6760000000000005 -0.99995625
0.6770000000000005 -0.99995625
0.6780000000000005 -0.99995625
0.6790000000000005 -0.9999625
0.6800000000000005 -0.99995
0.6810000000000005 -0.99995
0.6820000000000005 -0.99998125
0.6830000000000005 -0.9999625
0.6840000000000005 -0.9999625
0.6850000000000005 -0.999975
0.6860000000000005 -0.99994375
0.6870000000000005 -0.9999625
0.6880000000000005 -0.99995
0.6890000000000005 -0.99996875
0.6900000000000005 -0.999975
0.6910000000000005 -0.99995
0.6920000000000005 -0.99996875
0.6930000000000005 -0.999975
0.6940000000000005 -0.99999375
0.6950000000000005 -0.99996875
0.6960000000000005 -0.9999625
0.6970000000000005 -0.99996875
0.6980000000000005 -0.99996875
0.6990000000000005 -0.99996875
0.7000000000000005 -0.99996875
0.7010000000000005 -0.9999875
0.7020000000000005 -0.99995625
0.7030000000000005 -0.99996875
0.7040000000000005 -0.99998125
0.7050000000000005 -0.999975
0.7060000000000005 -0.999975
0.7070000000000005 -0.99995
0.7080000000000005 -0.9999625
0.7090000000000005 -0.99994375
0.7100000000000005 -0.99995625
0.7110000000000005 -0.99999375
0.7120000000000005 -0.999975
0.7130000000000005 -0.99996875
0.7140000000000005 -0.9999875
0.7150000000000005 -0.9999875
0.7160000000000005 -0.99996875
0.7170000000000005 -0.999975
0.7180000000000005 -0.99995625
0.7190000000000005 -0.99998125
0.7200000000000005 -1.0
0.7210000000000005 -0.99998125
0.7220000000000005 -0.999975
0.7230000000000005 -0.99998125
0.7240000000000005 -0.9999875
0.7250000000000005 -0.99998125
0.7260000000000005 -0.999975
0.7270000000000005 -0.999975
0.7280000000000005 -0.99998125
0.7290000000000005 -0.99998125
0.7300000000000005 -0.99999375
0.7310000000000005 -0.99998125
0.7320000000000005 -0.99999375
0.7330000000000005 -1.0
0.7340000000000005 -0.9999875
0.7350000000000005 -1.0
0.7360000000000005 -0.99998125
0.7370000000000005 -1.0
0.7380000000000005 -0.99998125
0.7390000000000005 -0.9999875
0.7400000000000005 -0.9999875
0.7410000000000005 -0.9999875
0.7420000000000005 -1.0
0.7430000000000005 -0.9999875
0.7440000000000005 -0.9999875
0.7450000000000006 -0.9999875
0.7460000000000006 -0.99998125
0.7470000000000006 -0.99998125
0.7480000000000006 -0.9999875
0.7490000000000006 -0.99999375
0.7500000000000006 -0.99998125
0.7510000000000006 -0.99999375
0.7520000000000006 -0.9999625
0.7530000000000006 -0.99998125
0.7540000000000006 -0.99999375
0.7550000000000006 -0.99999375
0.7560000000000006 -0.99998125
0.7570000000000006 -0.9999875
0.7580000000000006 -0.99998125
0.7590000000000006 -0.99999375
0.7600000000000006 -0.9999875
0.7610000000000006 -0.99996875
0.7620000000000006 -0.99998125
0.7630000000000006 -0.99999375
0.7640000000000006 -0.9999875
0.7650000000000006 -0.99998125
0.7660000000000006 -0.9999875
0.7670000000000006 -0.99999375
0.7680000000000006 -0.99999375
0.7690000000000006 -0.9999875
0.7700000000000006 -0.9999875
0.7710000000000006 -0.9999875
0.7720000000000006 -0.9999875
0.7730000000000006 -0.99999375
0.7740000000000006 -0.99999375
0.7750000000000006 -0.99998125
0.7760000000000006 -0.9999875
0.7770000000000006 -0.9999875
0.7780000000000006 -0.99999375
0.7790000000000006 -0.99999375
0.7800000000000006 -0.99999375
0.7810000000000006 -1.0
0.7820000000000006 -1.0
0.7830000000000006 -0.9999875
0.7840000000000006 -1.0
0.7850000000000006 -0.9999875
0.7860000000000006 -1.0
0.7870000000000006 -0.99999375
0.7880000000000006 -1.0
0.7890000000000006 -0.99999375
0.7900000000000006 -1.0
0.7910000000000006 -0.99999375
0.7920000000000006 -1.0
0.7930000000000006 -0.9999875
0.7940000000000006 -0.99998125
0.7950000000000006 -0.99999375
0.7960000000000006 -1.0
0.7970000000000006 -0.99999375
0.7980000000000006 -0.9999875
0.7990000000000006 -1.0
0.8000000000000006 -0.9999875
0.8010000000000006 -0.9999875
0.8020000000000006 -1.0
0.8030000000000006 -0.99999375
0.8040000000000006 -1.0
0.8050000000000006 -0.99999375
0.8060000000000006 -0.9999875
0.8070000000000006 -0.9999875
0.8080000000000006 -1.0
0.8090000000000006 -0.999975
0.8100000000000006 -1.0
0.8110000000000006 -1.0
0.8120000000000006 -0.9999875
0.8130000000000006 -1.0
0.8140000000000006 -1.0
0.8150000000000006 -1.0
0.8160000000000006 -0.99999375
0.8170000000000006 -1.0
0.8180000000000006 -0.9999875
0.8190000000000006 -1.0
0.8200000000000006 -0.99999375
0.8210000000000006 -0.99999375
0.8220000000000006 -0.9999875
0.8230000000000006 -0.99999375
0.8240000000000006 -1.0
0.8250000000000006 -1.0
0.8260000000000006 -1.0
0.8270000000000006 -0.9999875
0.8280000000000006 -1.0
0.8290000000000006 -1.0
0.8300000000000006 -1.0
0.8310000000000006 -0.99999375
0.8320000000000006 -0.99999375
0.8330000000000006 -0.99999375
0.8340000000000006 -0.99999375
0.8350000000000006 -1.0
0.8360000000000006 -1.0
0.8370000000000006 -1.0
0.8380000000000006 -1.0
0.8390000000000006 -1.0
0.8400000000000006 -0.99999375
0.8410000000000006 -0.99999375
0.8420000000000006 -1.0
0.8430000000000006 -0.99999375
0.8440000000000006 -1.0
0.8450000000000006 -1.0
0.8460000000000006 -0.99999375
0.8470000000000006 -0.99999375
0.8480000000000006 -0.99999375
0.8490000000000006 -1.0
0.8500000000000006 -0.999975
0.8510000000000006 -1.0
0.8520000000000006 -0.99999375
0.8530000000000006 -0.99999375
0.8540000000000006 -1.0
0.8550000000000006 -1.0
0.8560000000000006 -0.99999375
0.8570000000000007 -1.0
0.8580000000000007 -1.0
0.8590000000000007 -0.9999875
0.8600000000000007 -1.0
0.8610000000000007 -1.0
0.8620000000000007 -1.0
0.8630000000000007 -1.0
0.8640000000000007 -1.0
0.8650000000000007 -1.0
0.8660000000000007 -1.0
0.8670000000000007 -1.0
0.8680000000000007 -1.0
0.8690000000000007 -0.99999375
0.8700000000000007 -1.0
0.8710000000000007 -1.0
0.8720000000000007 -1.0
0.8730000000000007 -1.0
0.8740000000000007 -1.0
0.8750000000000007 -1.0
0.8760000000000007 -0.99999375
0.8770000000000007 -1.0
0.8780000000000007 -0.99999375
0.8790000000000007 -1.0
0.8800000000000007 -1.0
0.8810000000000007 -1.0
0.8820000000000007 -1.0
0.8830000000000007 -0.99999375
0.8840000000000007 -0.99999375
0.8850000000000007 -1.0
0.8860000000000007 -1.0
0.8870000000000007 -1.0
0.8880000000000007 -1.0
0.8890000000000007 -0.99999375
0.8900000000000007 -1.0
0.8910000000000007 -1.0
0.8920000000000007 -0.99999375
0.8930000000000007 -1.0
0.8940000000000007 -1.0
0.8950000000000007 -0.99998125
0.8960000000000007 -1.0
0.8970000000000007 -1.0
0.8980000000000007 -0.99999375
0.8990000000000007 -1.0
0.9000000000000007 -1.0
0.9010000000000007 -1.0
0.9020000000000007 -0.99999375
0.9030000000000007 -1.0
0.9040000000000007 -1.0
0.9050000000000007 -1.0
0.9060000000000007 -1.0
0.9070000000000007 -1.0
0.9080000000000007 -1.0
0.9090000000000007 -1.0
0.9100000000000007 -1.0
0.9110000000000007 -1.0
0.9120000000000007 -1.0
0.9130000000000007 -1.0
0.9140000000000007 -1.0
0.9150000000000007 -1.0
0.9160000000000007 -1.0
0.9170000000000007 -0.99999375
0.9180000000000007 -1.0
0.9190000000000007 -1.0
0.9200000000000007 -1.0
0.9210000000000007 -1.0
0.9220000000000007 -1.0
0.9230000000000007 -1.0
0.9240000000000007 -1.0
0.9250000000000007 -1.0
0.9260000000000007 -1.0
0.9270000000000007 -1.0
0.9280000000000007 -1.0
0.9290000000000007 -1.0
0.9300000000000007 -1.0
0.9310000000000007 -1.0
0.9320000000000007 -1.0
0.9330000000000007 -1.0
0.9340000000000007 -1.0
0.9350000000000007 -1.0
0.9360000000000007 -1.0
0.9370000000000007 -1.0
0.9380000000000007 -1.0
0.9390000000000007 -1.0
0.9400000000000007 -1.0
0.9410000000000007 -1.0
0.9420000000000007 -1.0
0.9430000000000007 -0.99999375
0.9440000000000007 -1.0
0.9450000000000007 -1.0
0.9460000000000007 -1.0
0.9470000000000007 -1.0
0.9480000000000007 -1.0
0.9490000000000007 -1.0
0.9500000000000007 -1.0
0.9510000000000007 -1.0
0.9520000000000007 -1.0
0.9530000000000007 -1.0
0.9540000000000007 -1.0
0.9550000000000007 -1.0
0.9560000000000007 -1.0
0.9570000000000007 -1.0
0.9580000000000007 -1.0
0.9590000000000007 -1.0
0.9600000000000007 -1.0
0.9610000000000007 -1.0
0.9620000000000007 -1.0
0.9630000000000007 -1.0
0.9640000000000007 -1.0
0.9650000000000007 -0.99999375
0.9660000000000007 -1.0
0.9670000000000007 -1.0
0.9680000000000007 -0.99999375
0.9690000000000007 -1.0
0.9700000000000008 -1.0
0.9710000000000008 -1.0
0.9720000000000008 -1.0
0.9730000000000008 -1.0
0.9740000000000008 -1.0
0.9750000000000008 -1.0
0.9760000000000008 -1.0
0.9770000000000008 -1.0
0.9780000000000008 -1.0
0.9790000000000008 -1.0
0.9800000000000008 -1.0
0.9810000000000008 -1.0
0.9820000000000008 -1.0
0.9830000000000008 -1.0
0.9840000000000008 -1.0
0.9850000000000008 -1.0
0.9860000000000008 -1.0
0.9870000000000008 -1.0
0.9880000000000008 -1.0
0.9890000000000008 -1.0
0.9900000000000008 -1.0
0.9910000000000008 -1.0
0.9920000000000008 -1.0
0.9930000000000008 -1.0
0.9940000000000008 -1.0
0.9950000000000008 -1.0
0.9960000000000008 -1.0
0.9970000000000008 -1.0
0.9980000000000008 -1.0
0.9990000000000008 -1.0
1.0000000000000007 -0.999987497499
