0.0 0.0
0.001 0.3045636775
0.002 0.3963868975
0.003 0.409199
0.004 0.31964764
0.005 0.35982516
0.006 0.37080876
0.007 0.44958391
0.008 0.40278475
0.009000000000000001 0.3477415775
0.010000000000000002 0.40870316
0.011000000000000003 0.42922279
0.012000000000000004 0.3812033775
0.013000000000000005 0.4261524375
0.014000000000000005 0.3859500775
0.015000000000000006 0.4136317775
0.016000000000000007 0.41446376
0.017000000000000008 0.40979076
0.01800000000000001 0.41493579
0.01900000000000001 0.42828316
0.02000000000000001 0.42299275
0.02100000000000001 0.435076
0.022000000000000013 0.45016311
0.023000000000000013 0.4553826775
0.024000000000000014 0.4272824775
0.025000000000000015 0.44416975
0.026000000000000016 0.446641
0.027000000000000017 0.4741173775
0.028000000000000018 0.4566483775
0.02900000000000002 0.43852456
0.03000000000000002 0.48473719
0.03100000000000002 0.51228076
0.03200000000000002 0.47155256
0.03300000000000002 0.5045899375
0.03400000000000002 0.5175171975
0.035000000000000024 0.50664939
0.036000000000000025 0.5098226975
0.037000000000000026 0.5192460975
0.03800000000000003 0.5187181975
0.03900000000000003 0.5140624775
0.04000000000000003 0.56048791
0.04100000000000003 0.5477932775
0.04200000000000003 0.5449260775
0.04300000000000003 0.55962571
0.04400000000000003 0.5611178975
0.04500000000000003 0.5353701775
0.046000000000000034 0.5654548775
0.047000000000000035 0.58443731
0.048000000000000036 0.562316
0.04900000000000004 0.5483864975
0.05000000000000004 0.5584330775
0.05100000000000004 0.58718911
0.05200000000000004 0.6245358775
0.05300000000000004 0.5882915775
0.05400000000000004 0.6092442975
0.05500000000000004 0.6374981975
0.05600000000000004 0.6140611775
0.057000000000000044 0.60609316
0.058000000000000045 0.6386833975
0.059000000000000045 0.62302271
0.060000000000000046 0.6433351775
0.06100000000000005 0.66942811
0.06200000000000005 0.68677311
0.06300000000000004 0.6562750975
0.06400000000000004 0.68447459
0.06500000000000004 0.66537779
0.06600000000000004 0.70304071
0.06700000000000005 0.7309809775
0.06800000000000005 0.73564824
0.06900000000000005 0.73345956
0.07000000000000005 0.7166953775
0.07100000000000005 0.7595881975
0.07200000000000005 0.7617579775
0.07300000000000005 0.74740475
0.07400000000000005 0.8165950775
0.07500000000000005 0.7695216775
0.07600000000000005 0.81184351
0.07700000000000005 0.79820984
0.07800000000000006 0.8601597975
0.07900000000000006 0.77989131
0.08000000000000006 0.85855339
0.08100000000000006 0.8196144775
0.08200000000000006 0.89441776
0.08300000000000006 0.86706875
0.08400000000000006 0.8753226775
0.08500000000000006 0.90244611
0.08600000000000006 0.91232275
0.08700000000000006 0.98068199
0.08800000000000006 1.0012390975
0.08900000000000007 0.9358969775
0.09000000000000007 0.9695560975
0.09100000000000007 1.0202056775
0.09200000000000007 1.0090099375
0.09300000000000007 1.0462147775
0.09400000000000007 1.0768621775
0.09500000000000007 1.07731364
0.09600000000000007 1.0538901975
0.09700000000000007 1.0824383975
0.09800000000000007 1.1275085975
0.09900000000000007 1.1147138775
0.10000000000000007 1.14844491
0.10100000000000008 1.1760194375
0.10200000000000008 1.2031246775
0.10300000000000008 1.1717872775
0.10400000000000008 1.2061258975
0.10500000000000008 1.24266396
0.10600000000000008 1.2766351775
0.10700000000000008 1.3250167975
0.10800000000000008 1.32208896
0.10900000000000008 1.37881819
0.11000000000000008 1.38270939
0.11100000000000008 1.4198343975
0.11200000000000009 1.4720137975
0.11300000000000009 1.4704819375
0.11400000000000009 1.4909961775
0.11500000000000009 1.49523799
0.11600000000000009 1.55317475
0.11700000000000009 1.55028111
0.11800000000000009 1.69354536
0.11900000000000009 1.59922975
0.12000000000000009 1.66254375
0.1210000000000001 1.76987784
0.1220000000000001 1.76098231
0.1230000000000001 1.7386802775
0.1240000000000001 1.79860784
0.12500000000000008 1.87481944
0.12600000000000008 1.98135171
0.12700000000000009 1.87154491
0.12800000000000009 2.0420352775
0.1290000000000001 1.96575011
0.1300000000000001 2.06844375
0.1310000000000001 2.10738259
0.1320000000000001 2.10931716
0.1330000000000001 2.1494407775
0.1340000000000001 2.2622519375
0.1350000000000001 2.2949700775
0.1360000000000001 2.3182187775
0.1370000000000001 2.38190151
0.1380000000000001 2.5022339775
0.1390000000000001 2.5969920775
0.1400000000000001 2.6116327775
0.1410000000000001 2.5905899375
0.1420000000000001 2.66447756
0.1430000000000001 2.7771809975
0.1440000000000001 2.8656967975
0.1450000000000001 2.9368179775
0.1460000000000001 2.88369084
0.1470000000000001 3.04547636
0.1480000000000001 3.16601956
0.1490000000000001 3.10286376
0.1500000000000001 3.2778709775
0.1510000000000001 3.23442384
0.1520000000000001 3.4186107975
0.1530000000000001 3.2977311975
0.1540000000000001 3.5044894375
0.1550000000000001 3.4481582775
0.1560000000000001 3.5998074975
0.1570000000000001 3.6770420975
0.1580000000000001 3.5811079975
0.1590000000000001 3.71955
0.16000000000000011 3.75628764
0.16100000000000012 3.8289961975
0.16200000000000012 3.97436931
0.16300000000000012 3.9247419375
0.16400000000000012 3.97277644
0.16500000000000012 4.1010200775
0.16600000000000012 3.9522074375
0.16700000000000012 4.14146875
0.16800000000000012 4.09066259
0.16900000000000012 4.01621804
0.17000000000000012 4.0322365975
0.17100000000000012 3.9515923975
0.17200000000000013 3.80540999
0.17300000000000013 4.0394884975
0.17400000000000013 3.8644794375
0.17500000000000013 3.78643079
0.17600000000000013 3.9889143775
0.17700000000000013 3.82946775
0.17800000000000013 3.75308056
0.17900000000000013 3.6512169375
0.18000000000000013 3.26052079
0.18100000000000013 3.69514984
0.18200000000000013 3.3496008975
0.18300000000000013 3.5250083775
0.18400000000000014 3.1611317775
0.18500000000000014 2.85452024
0.18600000000000014 3.15515631
0.18700000000000014 3.17432699
0.18800000000000014 2.8541469375
0.18900000000000014 3.00255299
0.19000000000000014 2.6248652775
0.19100000000000014 2.6963696975
0.19200000000000014 2.59593516
0.19300000000000014 2.1810799375
0.19400000000000014 2.11297551
0.19500000000000015 2.06985064
0.19600000000000015 1.95578016
0.19700000000000015 1.92929311
0.19800000000000015 1.88258844
0.19900000000000015 1.86314799
0.20000000000000015 1.90642624
0.20100000000000015 1.4210669975
0.20200000000000015 1.4554024375
0.20300000000000015 1.43752324
0.20400000000000015 1.3183485775
0.20500000000000015 1.1172413775
0.20600000000000016 1.3369699375
0.20700000000000016 1.4019669975
0.20800000000000016 1.1650502775
0.20900000000000016 1.06221564
0.21000000000000016 0.91718144
0.21100000000000016 0.8245816775
0.21200000000000016 0.7697962775
0.21300000000000016 0.97553056
0.21400000000000016 0.792434
0.21500000000000016 0.7478901975
0.21600000000000016 0.7296209775
0.21700000000000016 0.73659784
0.21800000000000017 0.57892316
0.21900000000000017 0.6315649375
0.22000000000000017 0.49750899
0.22100000000000017 0.73060775
0.22200000000000017 0.5456324375
0.22300000000000017 0.52872775
0.22400000000000017 0.5570984375
0.22500000000000017 0.4485549375
0.22600000000000017 0.46267299
0.22700000000000017 0.4459359975
0.22800000000000017 0.41062816
0.22900000000000018 0.4052595775
0.23000000000000018 0.38092991
0.23100000000000018 0.32947176
0.23200000000000018 0.29584624
0.23300000000000018 0.29905796
0.23400000000000018 0.3290099375
0.23500000000000018 0.35691324
0.23600000000000018 0.3235880775
0.23700000000000018 0.2430593775
0.23800000000000018 0.2733308775
0.23900000000000018 0.2418224375
0.24000000000000019 0.2458057975
0.2410000000000002 0.244874
0.2420000000000002 0.2040097775
0.2430000000000002 0.2066783975
0.2440000000000002 0.25993631
0.2450000000000002 0.2364903775
0.2460000000000002 0.19536151
0.2470000000000002 0.1944826775
0.2480000000000002 0.1817999975
0.2490000000000002 0.1786446775
0.25000000000000017 0.1790572775
0.25100000000000017 0.1665837775
0.25200000000000017 0.1691540775
0.25300000000000017 0.16138831
0.25400000000000017 0.16940479
0.25500000000000017 0.1436715775
0.25600000000000017 0.14933144
0.2570000000000002 0.15720819
0.2580000000000002 0.1492169375
0.2590000000000002 0.12552984
0.2600000000000002 0.1254494375
0.2610000000000002 0.12654679
0.2620000000000002 0.1249411975
0.2630000000000002 0.1365047975
0.2640000000000002 0.10729479
0.2650000000000002 0.1182
0.2660000000000002 0.112751
0.2670000000000002 0.1196708975
0.2680000000000002 0.1079400975
0.2690000000000002 0.09712504
0.2700000000000002 0.09556016
0.2710000000000002 0.0962485975
0.2720000000000002 0.0932049975
0.2730000000000002 0.0952734375
0.2740000000000002 0.0934349375
0.2750000000000002 0.0995507975
0.2760000000000002 0.08415736
0.2770000000000002 0.07856311
0.2780000000000002 0.0807759775
0.2790000000000002 0.0820099775
0.2800000000000002 0.0818849775
0.2810000000000002 0.08017899
0.2820000000000002 0.0710041975
0.2830000000000002 0.0738281775
0.2840000000000002 0.0751701975
0.2850000000000002 0.0699359375
0.2860000000000002 0.0669646775
0.2870000000000002 0.069259
0.2880000000000002 0.06415159
0.2890000000000002 0.0582754975
0.2900000000000002 0.0600984375
0.2910000000000002 0.06232071
0.2920000000000002 0.05600159
0.2930000000000002 0.057576
0.2940000000000002 0.0582383775
0.2950000000000002 0.0555148775
0.2960000000000002 0.0553872775
0.2970000000000002 0.056191
0.2980000000000002 0.05177756
0.2990000000000002 0.04981799
0.3000000000000002 0.05049776
0.3010000000000002 0.0481905975
0.3020000000000002 0.04675996
0.3030000000000002 0.05017411
0.3040000000000002 0.0449459975
0.3050000000000002 0.04341896
0.3060000000000002 0.0439169975
0.3070000000000002 0.0436558775
0.3080000000000002 0.045201
0.3090000000000002 0.04334871
0.3100000000000002 0.03878479
0.3110000000000002 0.03947399
0.3120000000000002 0.03954796
0.3130000000000002 0.03716924
0.3140000000000002 0.0352994975
0.3150000000000002 0.03591864
0.3160000000000002 0.03514036
0.3170000000000002 0.0365042975
0.3180000000000002 0.03544375
0.31900000000000023 0.03212004
0.32000000000000023 0.0327636775
0.32100000000000023 0.03345076
0.32200000000000023 0.0318558775
0.32300000000000023 0.03109279
0.32400000000000023 0.0299191775
0.32500000000000023 0.02900951
0.32600000000000023 0.02893951
0.32700000000000023 0.02848775
0.32800000000000024 0.02744375
0.32900000000000024 0.0261642975
0.33000000000000024 0.0289236975
0.33100000000000024 0.0279284775
0.33200000000000024 0.0271493775
0.33300000000000024 0.02551576
0.33400000000000024 0.02443604
0.33500000000000024 0.0243387975
0.33600000000000024 0.01963984
0.33700000000000024 0.0228479975
0.33800000000000024 0.0209956975
0.33900000000000025 0.0227204975
0.34000000000000025 0.02183131
0.34100000000000025 0.02101499
0.34200000000000025 0.02126991
0.34300000000000025 0.023024
0.34400000000000025 0.0199466775
0.34500000000000025 0.02336139
0.34600000000000025 0.0201914775
0.34700000000000025 0.0209384975
0.34800000000000025 0.0196414775
0.34900000000000025 0.01916239
0.35000000000000026 0.01795504
0.35100000000000026 0.01797836
0.35200000000000026 0.01709231
0.35300000000000026 0.016529
0.35400000000000026 0.0171736775
0.35500000000000026 0.0175840775
0.35600000000000026 0.0169620775
0.35700000000000026 0.0169304775
0.35800000000000026 0.0164593975
0.35900000000000026 0.015864
0.36000000000000026 0.0162524375
0.36100000000000027 0.01528736
0.36200000000000027 0.01511884
0.36300000000000027 0.0136490775
0.36400000000000027 0.01390804
0.36500000000000027 0.01414436
0.36600000000000027 0.0134470775
0.36700000000000027 0.0135565975
0.36800000000000027 0.01343919
0.36900000000000027 0.0135141775
0.3700000000000003 0.01217736
0.3710000000000003 0.01227479
0.3720000000000003 0.0124918975
0.3730000000000003 0.0118158975
0.3740000000000003 0.01161079
0.3750000000000003 0.01224296
0.3760000000000003 0.0107674375
0.3770000000000003 0.0106414975
0.3780000000000003 0.0110403775
0.3790000000000003 0.00992624
0.3800000000000003 0.0107512975
0.3810000000000003 0.0103359375
0.3820000000000003 0.0093825775
0.3830000000000003 0.00940730999999
0.3840000000000003 0.0106295775
0.3850000000000003 0.01007811
0.3860000000000003 0.0099599975
0.3870000000000003 0.00899591
0.3880000000000003 0.0096200975
0.3890000000000003 0.0084544375
0.3900000000000003 0.00867011
0.3910000000000003 0.0084909775
0.3920000000000003 0.0089267975
0.3930000000000003 0.0076214775
0.3940000000000003 0.0085352975
0.3950000000000003 0.00746039000001
0.3960000000000003 0.00796549750001
0.3970000000000003 0.00724167749999
0.3980000000000003 0.0071915775
0.3990000000000003 0.0074006975
0.4000000000000003 0.0079333775
0.4010000000000003 0.00710471000001
0.4020000000000003 0.00682639000001
0.4030000000000003 0.00731016
0.4040000000000003 0.00704797750001
0.4050000000000003 0.00717919
0.4060000000000003 0.00763515999999
0.4070000000000003 0.006424
0.4080000000000003 0.00624304
0.4090000000000003 0.00606639000001
0.4100000000000003 0.00637475
0.4110000000000003 0.00733176
0.4120000000000003 0.0063015775
0.4130000000000003 0.00590619749999
0.4140000000000003 0.00625855999999
0.4150000000000003 0.00568774999999
0.4160000000000003 0.00564243749999
0.4170000000000003 0.0056360775
0.4180000000000003 0.00549236000001
0.4190000000000003 0.00560478999999
0.4200000000000003 0.00543691
0.4210000000000003 0.0055942975
0.4220000000000003 0.00482904
0.4230000000000003 0.0051894975
0.4240000000000003 0.00512637750001
0.4250000000000003 0.00496144
0.4260000000000003 0.0052024375
0.4270000000000003 0.00446875
0.4280000000000003 0.00483518999999
0.4290000000000003 0.00489739
0.4300000000000003 0.0041885975
0.4310000000000003 0.00444611
0.43200000000000033 0.00424611
0.43300000000000033 0.00412219
0.43400000000000033 0.00441579
0.43500000000000033 0.0038018775
0.43600000000000033 0.0038639975
0.43700000000000033 0.00422774999999
0.43800000000000033 0.00430167749999
0.43900000000000033 0.00371764
0.44000000000000034 0.004144
0.44100000000000034 0.00388096
0.44200000000000034 0.003729
0.44300000000000034 0.0035900975
0.44400000000000034 0.0034223775
0.44500000000000034 0.0036872775
0.44600000000000034 0.00340956
0.44700000000000034 0.00319993749999
0.44800000000000034 0.00326370999999
0.44900000000000034 0.00385891000001
0.45000000000000034 0.0036947975
0.45100000000000035 0.00308576
0.45200000000000035 0.0032074975
0.45300000000000035 0.00299477749999
0.45400000000000035 0.0029290975
0.45500000000000035 0.00293811
0.45600000000000035 0.00278551
0.45700000000000035 0.00317616
0.45800000000000035 0.00271683999999
0.45900000000000035 0.00234219
0.46000000000000035 0.00281977749999
0.46100000000000035 0.0029336775
0.46200000000000035 0.00228239749999
0.46300000000000036 0.00257619750001
0.46400000000000036 0.0023787775
0.46500000000000036 0.00252699
0.46600000000000036 0.0025462975
0.46700000000000036 0.00222079
0.46800000000000036 0.00255396
0.46900000000000036 0.0025193775
0.47000000000000036 0.00238664
0.47100000000000036 0.0021427775
0.47200000000000036 0.00222604
0.47300000000000036 0.002394
0.47400000000000037 0.0021643975
0.47500000000000037 0.00208438999999
0.47600000000000037 0.00203276000001
0.47700000000000037 0.00208438999999
0.47800000000000037 0.0020976975
0.47900000000000037 0.0021927775
0.48000000000000037 0.002111
0.48100000000000037 0.0020304975
0.4820000000000004 0.00196259000001
0.4830000000000004 0.00169327749999
0.4840000000000004 0.00203915999999
0.4850000000000004 0.00172876
0.4860000000000004 0.0018554975
0.4870000000000004 0.0019099375
0.4880000000000004 0.0013109775
0.4890000000000004 0.00168143999999
0.4900000000000004 0.00137084
0.4910000000000004 0.0016669375
0.4920000000000004 0.00165775
0.4930000000000004 0.00176279749999
0.4940000000000004 0.00161031
0.4950000000000004 0.00158275
0.4960000000000004 0.00132191
0.4970000000000004 0.00156156
0.4980000000000004 0.00122599
0.4990000000000004 0.00146636
0.5000000000000003 0.0014577975
0.5010000000000003 0.00123699749999
0.5020000000000003 0.00132399
0.5030000000000003 0.00151751
0.5040000000000003 0.0010444375
0.5050000000000003 0.0013838775
0.5060000000000003 0.00119087749999
0.5070000000000003 0.0012649375
0.5080000000000003 0.0012408775
0.5090000000000003 0.001275
0.5100000000000003 0.00125290999999
0.5110000000000003 0.0010452775
0.5120000000000003 0.0011167975
0.5130000000000003 0.00105736
0.5140000000000003 0.00117791
0.5150000000000003 0.00111769750001
0.5160000000000003 0.00140669750001
0.5170000000000003 0.00115564
0.5180000000000003 0.000899897499998
0.5190000000000003 0.000935560000002
0.5200000000000004 0.0010460975
0.5210000000000004 0.000996897499995
0.5220000000000004 0.0010710975
0.5230000000000004 0.00100819000001
0.5240000000000004 0.000960560000003
0.5250000000000004 0.0010685775
0.5260000000000004 0.000839759999991
0.5270000000000004 0.000985559999997
0.5280000000000004 0.000753197500003
0.5290000000000004 0.000899177500003
0.5300000000000004 0.0010218975
0.5310000000000004 0.000924177500004
0.5320000000000004 0.000826937500008
0.5330000000000004 0.000717159999994
0.5340000000000004 0.000766000000006
0.5350000000000004 0.000753197500003
0.5360000000000004 0.000911309999999
0.5370000000000004 0.0009484375
0.5380000000000004 0.000778197500004
0.5390000000000004 0.000778197500004
0.5400000000000004 0.000717159999994
0.5410000000000004 0.000667710000002
0.5420000000000004 0.0005824375
0.5430000000000004 0.000569710000001
0.5440000000000004 0.00072879750001
0.5450000000000004 0.000495999999998
0.5460000000000004 0.000705477499999
0.5470000000000004 0.000446760000003
0.5480000000000004 0.000545160000001
0.5490000000000004 0.000532877500007
0.5500000000000004 0.000447109999996
0.5510000000000004 0.000557437499999
0.5520000000000004 0.000692710000003
0.5530000000000004 0.000484077500005
0.5540000000000004 0.000520590000008
0.5550000000000004 0.000570160000002
0.5560000000000004 0.000655477499997
0.5570000000000004 0.000495999999998
0.5580000000000004 0.000532877500007
0.5590000000000004 0.000581977499998
0.5600000000000004 0.000643750000009
0.5610000000000004 0.000508297499991
0.5620000000000004 0.000508297499991
0.5630000000000004 0.000569710000001
0.5640000000000004 0.00039744
0.5650000000000004 0.000459077500004
0.5660000000000004 0.000385097500001
0.5670000000000004 0.00039744
0.5680000000000004 0.000471390000001
0.5690000000000004 0.000372749999997
0.5700000000000004 0.000495999999998
0.5710000000000004 0.000520590000008
0.5720000000000004 0.000459077500004
0.5730000000000004 0.000323309999999
0.5740000000000004 0.000471390000001
0.5750000000000004 0.000483697500002
0.5760000000000004 0.000509437500007
0.5770000000000004 0.000495999999998
0.5780000000000004 0.000508297499991
0.5790000000000004 0.000286397500005
0.5800000000000004 0.000273790000001
0.5810000000000004 0.000323309999999
0.5820000000000004 0.000372749999997
0.5830000000000004 0.000360397500003
0.5840000000000004 0.00022418999999
0.5850000000000004 0.000310937499989
0.5860000000000004 0.000434437500004
0.5870000000000004 0.000335677500004
0.5880000000000004 0.000273790000001
0.5890000000000004 0.000385097500001
0.5900000000000004 0.000323309999999
0.5910000000000004 0.000286177500001
0.5920000000000004 0.000335677500004
0.5930000000000004 0.000310937499989
0.5940000000000004 0.000261397500005
0.5950000000000004 0.000261397500005
0.5960000000000004 0.000310937499989
0.5970000000000004 0.000273790000001
0.5980000000000004 0.000335677500004
0.5990000000000004 0.00022418999999
0.6000000000000004 0.000273790000001
0.6010000000000004 0.000273790000001
0.6020000000000004 0.000211777499999
0.6030000000000004 0.000162077500001
0.6040000000000004 0.000360397500003
0.6050000000000004 0.000236597499992
0.6060000000000004 0.000174510000008
0.6070000000000004 0.000310937499989
0.6080000000000004 0.000261597499993
0.6090000000000004 0.000422109999995
0.6100000000000004 0.000211777499999
0.6110000000000004 0.000174510000008
0.6120000000000004 0.000286177500001
0.6130000000000004 0.000124749999998
0.6140000000000004 0.000211777499999
0.6150000000000004 0.000236597499992
0.6160000000000004 0.000211777499999
0.6170000000000004 0.000236597499992
0.6180000000000004 0.000261397500005
0.6190000000000004 0.000211777499999
0.6200000000000004 0.000211777499999
0.6210000000000004 0.000274000000005
0.6220000000000004 0.000162077500001
0.6230000000000004 0.000174640000004
0.6240000000000004 0.000174510000008
0.6250000000000004 0.00022418999999
0.6260000000000004 0.000162077500001
0.6270000000000004 0.000199359999996
0.6280000000000004 0.000186937500004
0.6290000000000004 0.000236597499992
0.6300000000000004 0.000199359999996
0.6310000000000004 0.000112297500003
0.6320000000000005 0.000112297500003
0.6330000000000005 0.000124749999998
0.6340000000000005 0.000211777499999
0.6350000000000005 0.000149640000004
0.6360000000000005 0.000112297500003
0.6370000000000005 0.000112297500003
0.6380000000000005 0.000149640000004
0.6390000000000005 0.000174510000008
0.6400000000000005 0.000199510000002
0.6410000000000005 0.000137197499996
0.6420000000000005 9.98399999972e-05
0.6430000000000005 7.49100000021e-05
0.6440000000000005 0.000174510000008
0.6450000000000005 0.000124749999998
0.6460000000000005 0.000186937500004
0.6470000000000005 0.000112297500003
0.6480000000000005 4.99600000055e-05
0.6490000000000005 0.000162077500001
0.6500000000000005 0.000124749999998
0.6510000000000005 8.73775000017e-05
0.6520000000000005 7.49100000021e-05
0.6530000000000005 8.73775000017e-05
0.6540000000000005 9.98399999972e-05
0.6550000000000005 0.000149640000004
0.6560000000000005 0.000124749999998
0.6570000000000005 0.000162077500001
0.6580000000000005 0.000124749999998
0.6590000000000005 9.98399999972e-05
0.6600000000000005 0.000112297500003
0.6610000000000005 0.000199359999996
0.6620000000000005 0.000124749999998
0.6630000000000005 0.000124749999998
0.6640000000000005 9.98399999972e-05
0.6650000000000005 7.49100000021e-05
0.6660000000000005 8.73775000017e-05
0.6670000000000005 7.49100000021e-05
0.6680000000000005 0.000124749999998
0.6690000000000005 6.24375000058e-05
0.6700000000000005 9.98399999972e-05
0.6710000000000005 7.49100000021e-05
0.6720000000000005 0.000124749999998
0.6730000000000005 8.73775000017e-05
0.6740000000000005 9.98399999972e-05
0.6750000000000005 0.000112297500003
0.6760000000000005 8.73775000017e-05
0.6770000000000005 8.73775000017e-05
0.6780000000000005 8.73775000017e-05
0.6790000000000005 7.49100000021e-05
0.6800000000000005 9.98399999972e-05
0.6810000000000005 9.98399999972e-05
0.6820000000000005 3.74775000012e-05
0.6830000000000005 7.49100000021e-05
0.6840000000000005 7.49100000021e-05
0.6850000000000005 4.99600000055e-05
0.6860000000000005 0.000112297500003
0.6870000000000005 7.49100000021e-05
0.6880000000000005 9.98399999972e-05
0.6890000000000005 6.24375000058e-05
0.6900000000000005 4.99600000055e-05
0.6910000000000005 9.98399999972e-05
0.6920000000000005 6.24375000058e-05
0.6930000000000005 4.99600000055e-05
0.6940000000000005 1.24974999949e-05
0.6950000000000005 6.24375000058e-05
0.6960000000000005 7.49100000021e-05
0.6970000000000005 6.24375000058e-05
0.6980000000000005 6.24375000058e-05
0.6990000000000005 6.24375000058e-05
0.7000000000000005 6.24375000058e-05
0.7010000000000005 2.49899999929e-05
0.7020000000000005 8.73775000017e-05
0.7030000000000005 6.24375000058e-05
0.7040000000000005 3.74775000012e-05
0.7050000000000005 4.99600000055e-05
0.7060000000000005 4.99600000055e-05
0.7070000000000005 9.98399999972e-05
0.7080000000000005 7.49100000021e-05
0.7090000000000005 0.000112297500003
0.7100000000000005 8.73775000017e-05
0.7110000000000005 1.24974999949e-05
0.7120000000000005 4.99600000055e-05
0.7130000000000005 6.24375000058e-05
0.7140000000000005 2.49899999929e-05
0.7150000000000005 2.49899999929e-05
0.7160000000000005 6.24375000058e-05
0.7170000000000005 4.99600000055e-05
0.7180000000000005 8.73775000017e-05
0.7190000000000005 3.74775000012e-05
0.7200000000000005 0.0
0.7210000000000005 3.74775000012e-05
0.7220000000000005 4.99600000055e-05
0.7230000000000005 3.74775000012e-05
0.7240000000000005 2.49899999929e-05
0.7250000000000005 3.74775000012e-05
0.7260000000000005 4.99600000055e-05
0.7270000000000005 4.99600000055e-05
0.7280000000000005 3.74775000012e-05
0.7290000000000005 3.74775000012e-05
0.7300000000000005 1.24974999949e-05
0.7310000000000005 3.74775000012e-05
0.7320000000000005 1.24974999949e-05
0.7330000000000005 0.0
0.7340000000000005 2.49899999929e-05
0.7350000000000005 0.0
0.7360000000000005 3.74775000012e-05
0.7370000000000005 0.0
0.7380000000000005 3.74775000012e-05
0.7390000000000005 2.49899999929e-05
0.7400000000000005 2.49899999929e-05
0.7410000000000005 2.49899999929e-05
0.7420000000000005 0.0
0.7430000000000005 2.49899999929e-05
0.7440000000000005 2.49899999929e-05
0.7450000000000006 2.49899999929e-05
0.7460000000000006 3.74775000012e-05
0.7470000000000006 3.74775000012e-05
0.7480000000000006 2.49899999929e-05
0.7490000000000006 1.24974999949e-05
0.7500000000000006 3.74775000012e-05
0.7510000000000006 1.24974999949e-05
0.7520000000000006 7.49100000021e-05
0.7530000000000006 3.74775000012e-05
0.7540000000000006 1.24974999949e-05
0.7550000000000006 1.24974999949e-05
0.7560000000000006 3.74775000012e-05
0.7570000000000006 2.49899999929e-05
0.7580000000000006 3.74775000012e-05
0.7590000000000006 1.24974999949e-05
0.7600000000000006 2.49899999929e-05
0.7610000000000006 6.24375000058e-05
0.7620000000000006 3.74775000012e-05
0.7630000000000006 1.24974999949e-05
0.7640000000000006 2.49899999929e-05
0.7650000000000006 3.74775000012e-05
0.7660000000000006 2.49899999929e-05
0.7670000000000006 1.24974999949e-05
0.7680000000000006 1.24974999949e-05
0.7690000000000006 2.49899999929e-05
0.7700000000000006 2.49899999929e-05
0.7710000000000006 2.49899999929e-05
0.7720000000000006 2.49899999929e-05
0.7730000000000006 1.24974999949e-05
0.7740000000000006 1.24974999949e-05
0.7750000000000006 3.74775000012e-05
0.7760000000000006 2.49899999929e-05
0.7770000000000006 2.49899999929e-05
0.7780000000000006 1.24974999949e-05
0.7790000000000006 1.24974999949e-05
0.7800000000000006 1.24974999949e-05
0.7810000000000006 0.0
0.7820000000000006 0.0
0.7830000000000006 2.49899999929e-05
0.7840000000000006 0.0
0.7850000000000006 2.49899999929e-05
0.7860000000000006 0.0
0.7870000000000006 1.24974999949e-05
0.7880000000000006 0.0
0.7890000000000006 1.24974999949e-05
0.7900000000000006 0.0
0.7910000000000006 1.24974999949e-05
0.7920000000000006 0.0
0.7930000000000006 2.49899999929e-05
0.7940000000000006 3.74775000012e-05
0.7950000000000006 1.24974999949e-05
0.7960000000000006 0.0
0.7970000000000006 1.24974999949e-05
0.7980000000000006 2.49899999929e-05
0.7990000000000006 0.0
0.8000000000000006 2.49899999929e-05
0.8010000000000006 2.49899999929e-05
0.8020000000000006 0.0
0.8030000000000006 1.24974999949e-05
0.8040000000000006 0.0
0.8050000000000006 1.24974999949e-05
0.8060000000000006 2.49899999929e-05
0.8070000000000006 2.49899999929e-05
0.8080000000000006 0.0
0.8090000000000006 4.99600000055e-05
0.8100000000000006 0.0
0.8110000000000006 0.0
0.8120000000000006 2.49899999929e-05
0.8130000000000006 0.0
0.8140000000000006 0.0
0.8150000000000006 0.0
0.8160000000000006 1.24974999949e-05
0.8170000000000006 0.0
0.8180000000000006 2.49899999929e-05
0.8190000000000006 0.0
0.8200000000000006 1.24974999949e-05
0.8210000000000006 1.24974999949e-05
0.8220000000000006 2.49899999929e-05
0.8230000000000006 1.24974999949e-05
0.8240000000000006 0.0
0.8250000000000006 0.0
0.8260000000000006 0.0
0.8270000000000006 2.49899999929e-05
0.8280000000000006 0.0
0.8290000000000006 0.0
0.8300000000000006 0.0
0.8310000000000006 1.24974999949e-05
0.8320000000000006 1.24974999949e-05
0.8330000000000006 1.24974999949e-05
0.8340000000000006 1.24974999949e-05
0.8350000000000006 0.0
0.8360000000000006 0.0
0.8370000000000006 0.0
0.8380000000000006 0.0
0.8390000000000006 0.0
0.8400000000000006 1.24974999949e-05
0.8410000000000006 1.24974999949e-05
0.8420000000000006 0.0
0.8430000000000006 1.24974999949e-05
0.8440000000000006 0.0
0.8450000000000006 0.0
0.8460000000000006 1.24974999949e-05
0.8470000000000006 1.24974999949e-05
0.8480000000000006 1.24974999949e-05
0.8490000000000006 0.0
0.8500000000000006 4.99600000055e-05
0.8510000000000006 0.0
0.8520000000000006 1.24974999949e-05
0.8530000000000006 1.24974999949e-05
0.8540000000000006 0.0
0.8550000000000006 0.0
0.8560000000000006 1.24974999949e-05
0.8570000000000007 0.0
0.8580000000000007 0.0
0.8590000000000007 2.49899999929e-05
0.8600000000000007 0.0
0.8610000000000007 0.0
0.8620000000000007 0.0
0.8630000000000007 0.0
0.8640000000000007 0.0
0.8650000000000007 0.0
0.8660000000000007 0.0
0.8670000000000007 0.0
0.8680000000000007 0.0
0.8690000000000007 1.24974999949e-05
0.8700000000000007 0.0
0.8710000000000007 0.0
0.8720000000000007 0.0
0.8730000000000007 0.0
0.8740000000000007 0.0
0.8750000000000007 0.0
0.8760000000000007 1.24974999949e-05
0.8770000000000007 0.0
0.8780000000000007 1.24974999949e-05
0.8790000000000007 0.0
0.8800000000000007 0.0
0.8810000000000007 0.0
0.8820000000000007 0.0
0.8830000000000007 1.24974999949e-05
0.8840000000000007 1.24974999949e-05
0.8850000000000007 0.0
0.8860000000000007 0.0
0.8870000000000007 0.0
0.8880000000000007 0.0
0.8890000000000007 1.24974999949e-05
0.8900000000000007 0.0
0.8910000000000007 0.0
0.8920000000000007 1.24974999949e-05
0.8930000000000007 0.0
0.8940000000000007 0.0
0.8950000000000007 3.74775000012e-05
0.8960000000000007 0.0
0.8970000000000007 0.0
0.8980000000000007 1.24974999949e-05
0.8990000000000007 0.0
0.9000000000000007 0.0
0.9010000000000007 0.0
0.9020000000000007 1.24974999949e-05
0.9030000000000007 0.0
0.9040000000000007 0.0
0.9050000000000007 0.0
0.9060000000000007 0.0
0.9070000000000007 0.0
0.9080000000000007 0.0
0.9090000000000007 0.0
0.9100000000000007 0.0
0.9110000000000007 0.0
0.9120000000000007 0.0
0.9130000000000007 0.0
0.9140000000000007 0.0
0.9150000000000007 0.0
0.9160000000000007 0.0
0.9170000000000007 1.24974999949e-05
0.9180000000000007 0.0
0.9190000000000007 0.0
0.9200000000000007 0.0
0.9210000000000007 0.0
0.9220000000000007 0.0
0.9230000000000007 0.0
0.9240000000000007 0.0
0.9250000000000007 0.0
0.9260000000000007 0.0
0.9270000000000007 0.0
0.9280000000000007 0.0
0.9290000000000007 0.0
0.9300000000000007 0.0
0.9310000000000007 0.0
0.9320000000000007 0.0
0.9330000000000007 0.0
0.9340000000000007 0.0
0.9350000000000007 0.0
0.9360000000000007 0.0
0.9370000000000007 0.0
0.9380000000000007 0.0
0.9390000000000007 0.0
0.9400000000000007 0.0
0.9410000000000007 0.0
0.9420000000000007 0.0
0.9430000000000007 1.24974999949e-05
0.9440000000000007 0.0
0.9450000000000007 0.0
0.9460000000000007 0.0
0.9470000000000007 0.0
0.9480000000000007 0.0
0.9490000000000007 0.0
0.9500000000000007 0.0
0.9510000000000007 0.0
0.9520000000000007 0.0
0.9530000000000007 0.0
0.9540000000000007 0.0
0.9550000000000007 0.0
0.9560000000000007 0.0
0.9570000000000007 0.0
0.9580000000000007 0.0
0.9590000000000007 0.0
0.9600000000000007 0.0
0.9610000000000007 0.0
0.9620000000000007 0.0
0.9630000000000007 0.0
0.9640000000000007 0.0
0.9650000000000007 1.24974999949e-05
0.9660000000000007 0.0
0.9670000000000007 0.0
0.9680000000000007 1.24974999949e-05
0.9690000000000007 0.0
0.9700000000000008 0.0
0.9710000000000008 0.0
0.9720000000000008 0.0
0.9730000000000008 0.0
0.9740000000000008 0.0
0.9750000000000008 0.0
0.9760000000000008 0.0
0.9770000000000008 0.0
0.9780000000000008 0.0
0.9790000000000008 0.0
0.9800000000000008 0.0
0.9810000000000008 0.0
0.9820000000000008 0.0
0.9830000000000008 0.0
0.9840000000000008 0.0
0.9850000000000008 0.0
0.9860000000000008 0.0
0.9870000000000008 0.0
0.9880000000000008 0.0
0.9890000000000008 0.0
0.9900000000000008 0.0
0.9910000000000008 0.0
0.9920000000000008 0.0
0.9930000000000008 0.0
0.9940000000000008 0.0
0.9950000000000008 0.0
0.9960000000000008 0.0
0.9970000000000008 0.0
0.9980000000000008 0.0
0.9990000000000008 0.0
1.0000000000000007 2.49949969984e-05
